0 -74.7562
0.1 -74.7193
0.2 -74.6487
0.3 -74.5451
0.4 -74.4106
0.5 -74.2473
0.6 -74.0561
0.7 -73.8376
0.8 -73.5914
0.9 -73.3168
1 -73.0128
1.1 -72.6781
1.2 -72.3113
1.3 -71.9104
1.4 -71.4736
1.5 -70.9992
1.6 -70.4858
1.7 -69.9314
1.8 -69.3341
1.9 -68.6929
2 -68.0067
2.1 -67.275
2.2 -66.4966
2.3 -65.6713
2.4 -64.7995
2.5 -63.8822
2.6 -62.9201
2.7 -61.9137
2.8 -60.8642
2.9 -59.7736
3 -58.6438
3.1 -57.4757
3.2 -56.2703
3.3 -55.0292
3.4 -53.7539
3.5 -52.4456
3.6 -51.1043
3.7 -49.7303
3.8 -48.3247
3.9 -46.8894
4 -45.425
4.1 -43.9323
4.2 -42.4133
4.3 -40.8713
4.4 -39.3105
4.5 -37.734
4.6 -36.1461
4.7 -34.5525
4.8 -32.9601
4.9 -31.3757
5 -29.8056
5.1 -28.2577
5.2 -26.7407
5.3 -25.2635
5.4 -23.8341
5.5 -22.4598
5.6 -21.1478
5.7 -19.9035
5.8 -18.7312
5.9 -17.6339
6 -16.6132
6.1 -15.6691
6.2 -14.8007
6.3 -14.008
6.4 -13.291
6.5 -12.6495
6.6 -12.0826
6.7 -11.5899
6.8 -11.1743
6.9 -10.8382
7 -10.5829
7.1 -10.4089
7.2 -10.3183
7.3 -10.3157
7.4 -10.403
7.5 -10.5777
7.6 -10.836
7.7 -11.176
7.8 -11.5931
7.9 -12.0765
8 -12.6123
8.1 -13.1855
8.2 -13.7827
8.3 -14.3845
8.4 -14.9673
8.5 -15.5053
8.6 -15.9718
8.7 -16.3299
8.8 -16.526
8.9 -16.4821
9 -16.0819
9.1 -15.1345
9.2 -13.6426
9.3 -13.394
9.4 13.978
9.5 -66.8843
9.6 -77.7341
9.7 -79.314
9.8 -79.5824
9.9 -79.6282
10 -79.6349
