75, pa4-A-Output.txt
   23.41    -1.71    32.07       -25.32     2.89   -43.78    90.268
  -34.00   -10.20   -46.00       -18.65     8.58    37.02    86.482
   -6.89     7.33    50.00       -34.00   -10.20   -46.00    101.280
   12.46    22.10    35.65       -15.18   -26.58    45.61    56.861
  -39.75   -12.68   -35.53       -35.61   -11.39    33.32    68.987
  -38.81   -21.95   -18.45        24.12   -23.04   -39.47    66.353
   32.73    -1.27   -24.40        30.61   -23.43   -21.14    22.503
  -18.67   -19.86   -46.96       -18.35    32.65   -14.91    61.511
    3.00    19.56    47.30        22.42     1.46   -44.28    95.346
  -16.60   -30.71   -18.82       -30.21   -21.97    42.84    63.746
  -32.77    -3.15    -9.91        28.92    -0.47   -14.82    61.949
   35.27    11.54     9.79        10.41   -27.99   -15.32    53.027
    3.99    -7.26    54.08       -33.81    20.08    15.79    60.346
    7.82    20.68    45.02        -7.11   -12.49    54.79    37.668
  -34.30    -6.64    -9.11       -33.11   -17.55    41.52    51.804
    6.78   -15.75    -5.33        14.14   -28.18   -14.22    16.963
   -8.43   -25.67   -37.29         4.27    10.23     0.35    53.540
  -15.37    -0.87     3.84        22.41     9.95   -31.62    52.935
   25.99    -1.70    24.31        -0.30   -17.60     1.25    38.418
   21.08     6.19   -29.05       -19.12    13.03    30.18    71.907
    3.48   -12.60     4.07       -19.63    20.85   -23.41    49.072
  -26.94   -29.78   -16.36         2.08     3.42     7.97    50.354
   15.00    11.83   -24.14        32.34   -10.58   -14.96    29.788
   19.92    17.55   -30.16       -22.48    11.91   -21.19    43.703
   28.36    -3.04    16.94       -29.24    15.68   -26.96    74.800
  -35.46   -17.25   -10.12       -18.33    17.74    23.93    51.741
  -25.02   -19.48    -6.80        24.25   -24.73   -13.36    49.981
  -25.49   -31.28   -18.55        21.47   -15.68    -7.42    50.721
  -31.99   -29.82   -26.78        33.25    -8.10   -16.43    69.538
   -3.82    -3.54    53.81       -31.99   -29.82   -26.78    89.325
    5.58    18.70    -3.34        -7.06   -20.70    52.06    69.145
    3.41    -6.98    39.30       -26.32    -4.95    -4.78    53.202
    1.32     6.15   -19.14        -5.88    -8.89    40.49    61.917
   33.56    13.81    11.10       -11.90     0.77   -18.35    55.712
   -9.31    -5.83    12.75       -35.22    17.32    16.21    34.913
    2.24    20.04    43.18         0.80   -12.89    12.08    45.318
   19.54    -7.18    14.43       -29.96   -21.66    38.63    56.975
  -28.14     1.18   -12.67       -10.59    12.38    20.38    39.068
    9.47   -14.08     2.31         4.75   -24.86   -17.78    23.277
   -5.77     7.07   -22.40         0.97     9.74     7.91    31.170
  -39.87   -11.52   -13.76        -9.39    -4.86   -23.23    32.610
   18.29   -14.91   -16.61        21.31   -29.81   -18.95    15.384
  -25.86   -26.78   -40.77        -0.52    23.17    -8.02    64.877
    2.86    21.21    36.96        31.22    -3.85   -38.61    84.521
    2.91   -18.13   -12.42       -30.76   -19.80    32.61    56.247
  -37.49   -13.13   -42.65         8.67     9.80    -6.82    62.773
  -13.26    -3.17   -46.86        24.14   -18.86   -45.68    40.578
  -19.84   -21.33   -46.61         5.09    -0.41   -46.25    32.541
   10.69    26.45     4.95        24.21     0.93   -43.92    56.762
  -16.02   -31.55   -31.87       -36.18    -5.89     2.76    47.577
  -14.01    22.08    22.26        30.51     4.08   -26.99    68.780
   27.19    -5.66   -25.52       -23.04   -30.70    14.63    69.004
    6.05    -7.34    57.03       -11.93    29.84   -16.36    84.211
    8.25   -13.85     2.27        -8.18   -11.49    58.08    58.229
   17.32    -6.12    25.09         1.29     8.60     7.56    27.946
   20.24    14.57    52.18        17.32    -6.12    25.09    34.216
  -22.48   -31.24   -18.15       -33.58    -6.33    52.32    75.566
   13.02    21.47   -26.76        31.88    -5.59   -15.39    34.889
   26.71    23.06     4.78       -30.07     7.14   -26.02    66.527
   -2.00   -22.23   -31.38       -40.04     9.49     6.84    62.559
   -7.25   -26.64   -33.59        16.05    12.53   -25.22    46.331
    3.37   -10.93    12.41        22.46    10.31   -27.64    49.186
   17.54    -2.74    57.03         3.37   -10.93    12.41    47.528
  -36.94   -10.39    -9.51       -17.27    -3.26    59.74    72.339
   -6.84    19.03    13.53        18.68   -28.90   -14.45    61.078
    3.21    -7.34    61.14        -6.84    19.03    13.53    55.338
    8.32    24.66    16.53        -7.30   -15.15    61.37    61.963
    0.98     8.92   -14.26       -34.52   -10.57    13.64    49.180
   25.10    -2.76    23.81       -14.64    -2.00   -14.31    55.077
    0.66    -8.03   -28.31       -17.75    12.82    29.72    64.346
    5.76    -7.14    33.09         1.89     8.39   -24.47    59.748
    3.17   -14.13   -24.69        -6.23    -5.01    35.12    61.220
  -27.65   -13.95   -47.80         5.99    11.95   -19.26    51.155
  -31.78     7.58   -33.39        21.06    -8.47   -48.24    57.185
  -25.32     2.89   -43.78         2.30   -24.66   -39.62    39.230