200, pa4-E-Output.txt
   35.94    10.62    -5.62        37.14    12.42    -5.91     2.177
  -26.22   -30.44   -41.23       -26.87   -28.56   -38.64     3.266
  -14.24   -25.40   -11.50       -13.72   -24.65   -11.00     1.042
  -16.24   -30.17   -41.77       -16.35   -26.99   -41.04     3.272
   14.50    19.49    45.96        16.61    20.70    44.22     2.991
   -8.39    -4.39    26.31        -7.64    -3.11    26.40     1.490
   12.51    14.45   -17.83        13.03    16.06   -19.38     2.293
   -2.97    10.02    -4.15        -4.24     9.86    -4.57     1.349
   -5.40    -7.80    28.21        -3.07    -7.73    27.73     2.379
  -42.89    -8.69   -19.80       -42.68    -8.79   -18.42     1.401
   12.06    -9.46    13.96        13.39    -8.59    13.53     1.649
  -22.23     9.39   -32.61       -23.45    10.45   -34.52     2.494
  -20.30   -34.56   -35.31       -20.46   -32.07   -33.62     3.014
   26.13     4.95   -32.18        24.34     4.83   -30.24     2.641
  -19.75   -23.72   -48.22       -20.00   -22.55   -46.17     2.375
   31.54   -10.38   -13.36        31.33    -8.97   -12.03     1.945
  -10.70   -11.88     2.22       -10.15   -11.66     1.80     0.722
  -38.56     2.18   -29.05       -39.05     2.98   -29.91     1.273
   -6.98   -22.01   -11.42        -7.71   -21.24   -10.40     1.471
   27.51    -3.25    17.17        27.58    -3.43    17.81     0.668
   -3.01   -10.70   -39.16        -2.09    -9.19   -38.99     1.774
   32.62    14.76   -12.00        34.54    15.43   -13.72     2.659
   -5.03    -3.80   -34.53        -3.72    -2.86   -34.68     1.623
   27.66     1.90    20.18        28.52     2.00    22.35     2.340
   17.08    24.26     4.77        16.82    26.63     5.99     2.679
   10.36    21.09    32.03         9.95    22.26    33.03     1.594
   11.53    -7.18    33.82        13.01    -6.24    33.62     1.760
  -20.35     9.55   -28.12       -20.59    12.50   -27.49     3.023
   22.05    -2.41    32.03        22.25    -2.75    32.60     0.691
   -7.27    23.46    20.23        -6.11    24.15    20.39     1.361
  -25.97   -18.83   -49.67       -27.40   -19.60   -46.54     3.514
  -38.21   -23.91   -16.57       -37.41   -22.49   -16.42     1.642
  -21.61   -32.36   -16.60       -19.84   -31.70   -17.66     2.159
  -13.93    -6.18     5.10       -12.41    -6.07     6.49     2.067
   20.24   -16.89    -5.42        20.33   -15.72    -4.53     1.476
  -26.26     2.54   -16.39       -26.86     4.99   -14.27     3.293
   14.90    25.17    -3.35        12.92    26.88    -2.48     2.759
   16.57   -19.76    -8.59        16.38   -17.78    -8.82     1.994
  -19.31   -34.95   -31.95       -20.05   -32.63   -30.88     2.656
  -11.68    15.72    35.11       -12.66    16.77    35.95     1.666
  -26.90   -21.69   -48.58       -27.05   -21.42   -45.70     2.895
  -23.01     5.11   -18.75       -23.28     8.50   -17.39     3.654
   17.92    -0.88    56.43        17.78    -2.48    57.25     1.798
  -42.10    -5.46   -19.77       -42.61    -5.19   -18.30     1.579
   34.68    -1.51   -21.49        35.10    -0.45   -21.05     1.221
  -16.25     5.71   -40.26       -16.63     6.67   -41.22     1.410
  -24.31   -33.62   -19.72       -23.34   -32.07   -20.68     2.067
    0.14    -9.45   -29.19        -0.25    -8.86   -29.89     0.995
  -38.87     0.67   -33.79       -38.58     1.77   -33.75     1.140
   33.53     9.53   -21.10        35.07     9.09   -19.89     2.007
  -24.77     9.36   -30.03       -27.40    10.48   -30.54     2.903
   13.85    17.34   -32.28        13.16    18.99   -30.63     2.433
   10.63     8.01   -14.82         8.89     8.42   -14.61     1.802
   36.18    -3.90    -2.75        35.91    -2.59    -1.73     1.674
  -21.64   -13.67   -50.91       -20.40   -12.62   -49.39     2.220
   -2.43   -17.22   -39.02        -2.84   -18.16   -38.09     1.384
   19.00    13.68    49.90        21.00    13.65    51.19     2.384
  -13.02     1.88    12.90       -11.97     0.74    13.15     1.567
   21.66     0.88    40.73        22.47     0.87    43.13     2.529
  -19.75    -7.41    -3.97       -20.47    -6.71    -3.36     1.169
  -29.80   -19.39   -48.89       -27.40   -19.60   -46.54     3.363
   13.45    -5.62   -23.84        13.09    -5.65   -22.15     1.727
   32.62    -7.81     3.30        30.51    -8.25     2.13     2.451
    6.24   -17.98    -5.64         6.03   -15.99    -7.57     2.780
   -6.65    -2.92    47.47        -5.63    -1.07    47.22     2.130
   19.22    10.21    59.72        21.09    10.05    60.70     2.113
   16.02    20.41    33.38        15.40    22.54    33.58     2.232
   22.93     9.90    33.75        25.20    10.09    33.38     2.306
  -44.41   -15.58   -25.55       -43.00   -16.25   -25.36     1.568
   18.06     1.91    60.47        20.40     2.39    61.40     2.564
   13.64    15.11   -33.10        13.22    15.77   -29.50     3.689
   -2.43    -7.04    41.36        -3.00    -5.30    40.31     2.111
   17.15    16.63   -32.13        16.64    16.36   -31.08     1.197
  -37.94   -10.50   -11.27       -38.26    -8.91   -11.01     1.646
   12.86    -6.78    37.60        12.85    -6.02    36.59     1.261
   -6.90    15.30     9.50        -5.24    15.12     8.99     1.740
  -30.61   -32.61   -34.77       -30.80   -29.76   -32.57     3.607
   14.08   -18.00   -15.72        16.46   -15.37   -15.36     3.576
  -12.69   -16.12    -4.39       -13.62   -16.45    -5.53     1.506
   22.28    17.01    22.99        24.40    17.51    24.21     2.501
   23.63    18.28   -26.70        23.65    18.81   -27.06     0.641
   10.12    14.81   -13.34        11.39    16.20   -10.98     3.018
    2.63    -7.61    60.75         2.06    -7.25    62.05     1.467
  -14.66    -5.12     4.70       -15.99    -3.57     2.83     2.770
    1.89    14.73    -2.91         2.03    15.85    -0.23     2.909
   23.38     7.54   -32.85        24.01     8.56   -30.58     2.569
   -7.81   -27.77   -18.74        -8.16   -27.21   -18.45     0.722
    1.91    21.86    25.69         1.61    23.80    24.71     2.193
    4.59   -16.15   -23.69         2.26   -16.93   -23.61     2.457
   37.95     5.88    -7.99        39.19     6.71    -8.39     1.538
   15.49    -3.77    54.97        16.36    -4.21    54.45     1.108
    8.60   -14.63   -21.88         7.45   -13.77   -19.62     2.679
  -11.69    21.44    16.59       -13.06    20.03    18.16     2.519
   -7.68   -24.45   -41.84        -8.35   -22.78   -40.69     2.141
  -16.75     0.70    -4.07       -17.65     1.27    -4.61     1.189
   16.95    22.69   -16.96        16.94    25.13   -17.55     2.508
  -31.41   -29.85   -16.93       -30.70   -28.37   -16.99     1.644
  -16.56     8.90   -29.58       -16.64    11.46   -31.45     3.169
  -37.69   -23.08   -41.03       -34.32   -23.46   -39.47     3.727
    2.91    -4.94   -25.57         2.40    -4.16   -25.35     0.950
   21.70   -17.42    -8.33        21.38   -16.57    -8.01     0.960
  -43.04   -16.24   -30.02       -41.83   -16.14   -29.90     1.223
   -8.81     7.10    35.31        -8.76     9.02    34.14     2.247
   23.75    -2.63   -30.22        24.07    -1.91   -27.14     3.176
    4.13     7.39   -14.81         5.44     8.92   -14.15     2.119
   29.21    18.79     2.36        30.85    20.37     2.80     2.324
  -16.88    17.85    25.76       -16.60    16.73    24.51     1.711
   10.04     7.74    60.90         9.00     6.37    62.86     2.603
   17.12    -4.80    37.81        16.64    -5.34    37.14     0.979
    3.77    -2.79   -24.45         2.17    -2.47   -24.57     1.641
    5.36   -16.88   -21.93         3.20   -17.07   -21.08     2.324
    7.01   -14.76   -23.03         5.93   -13.99   -21.57     1.979
    5.06   -18.50   -19.36         3.20   -17.07   -21.08     2.902
   -7.83     1.17    51.49        -6.75     2.08    52.65     1.827
  -41.42   -22.36   -32.67       -39.21   -21.77   -32.55     2.297
   -2.96   -25.80   -30.30        -5.83   -26.48   -30.51     2.962
  -13.02   -32.70   -33.60       -12.93   -30.02   -34.23     2.755
  -38.48   -16.08   -44.16       -36.57   -15.91   -42.68     2.420
   -7.42   -19.78    -8.41        -7.74   -19.86    -9.50     1.140
    3.35     7.42   -15.00         2.01     7.66   -17.11     2.518
   20.55    21.73   -25.10        20.02    23.09   -25.71     1.576
   29.04    -2.22   -29.99        27.55    -1.36   -28.73     2.137
  -24.89   -33.06   -18.91       -23.34   -32.07   -20.68     2.558
  -16.97     7.15   -38.58       -16.46     8.37   -38.60     1.318
   21.86    12.25    37.54        23.51    12.78    37.15     1.782
   -7.92     2.26    58.39        -6.72     2.22    58.59     1.221
   35.16    11.57    -8.47        36.70    12.84    -9.56     2.273
  -17.19   -14.34    -4.81       -17.83   -13.66    -4.62     0.951
   25.04    21.00   -18.90        25.93    22.25   -21.52     3.035
   31.66    -8.78     2.32        30.51    -8.25     2.13     1.270
  -43.53   -19.16   -27.03       -42.38   -17.54   -25.40     2.561
   11.01    18.16   -15.92        11.63    19.38   -15.39     1.463
   37.56     4.13   -11.70        38.72     4.72   -11.60     1.301
  -28.95   -30.66   -15.85       -27.52   -28.93   -15.73     2.246
  -21.94   -16.67   -49.27       -23.79   -16.42   -48.23     2.134
  -26.13     7.28   -36.49       -27.03     8.17   -37.07     1.396
   24.60    21.60     1.45        26.99    23.08     2.86     3.146
  -43.32    -4.73   -30.02       -43.61    -5.00   -28.32     1.746
   -6.65    11.29    53.00        -6.21    10.06    52.14     1.555
   -6.56   -19.01    -7.68        -7.06   -18.49    -7.54     0.735
   32.91    -2.40   -24.95        32.32    -4.05   -24.06     1.976
  -15.71    -4.82   -48.87       -16.58    -5.79   -47.75     1.715
   10.20    -0.07    61.29         8.90    -1.08    63.38     2.658
   -1.97   -23.14   -34.19        -2.51   -22.40   -33.60     1.094
  -35.55     1.60   -17.99       -35.80     3.56   -16.09     2.739
    9.05    -7.29    42.71         8.80    -6.66    43.62     1.131
   -7.50    -3.34    33.17        -6.26    -2.56    34.36     1.888
  -22.32   -12.61   -51.21       -20.40   -12.62   -49.39     2.647
  -32.23     4.18   -37.76       -31.70     5.36   -38.52     1.500
   -3.83    14.67     5.56        -4.70    13.75     7.10     1.996
   -7.39    -0.32    59.65        -5.33    -1.79    58.78     2.672
   -4.01    20.57    12.47        -3.17    20.15    12.12     0.996
   28.59    -3.49    15.40        27.36    -4.87    14.57     2.026
   -8.16     1.12    51.78        -6.75     2.08    52.65     1.917
   19.80   -17.03   -18.85        19.88   -16.04   -15.79     3.213
   -8.26     0.73   -38.27        -5.88     0.85   -37.60     2.477
   31.84    13.51     8.05        33.87    15.37     8.53     2.798
    0.38     7.65   -12.76        -1.20     8.91   -14.03     2.383
   18.47    -7.07   -25.13        18.43    -7.98   -23.32     2.033
   21.88    20.42    13.06        24.12    22.65    12.16     3.290
  -27.12    -6.83   -49.45       -27.12    -4.88   -48.08     2.379
   27.83    -0.36   -31.55        27.65     2.38   -30.49     2.945
   -5.41    14.07    53.96        -4.18    14.33    52.19     2.180
  -32.15   -10.65    -8.42       -32.22    -9.35    -7.35     1.693
   20.16    10.66    50.51        21.97    11.28    50.75     1.929
    4.27    19.70    39.80         4.88    20.78    40.84     1.622
   -5.49   -13.15   -43.87        -6.08   -12.73   -43.35     0.892
    5.32    20.48    34.40         4.85    21.49    35.13     1.329
   11.48   -19.53    -9.12        11.88   -16.81    -8.14     2.915
   -9.17   -13.76   -47.49        -9.70   -12.72   -46.56     1.495
    5.73    -8.57   -24.90         5.72    -8.76   -24.09     0.832
   30.54    -1.84    13.84        31.10    -1.55    15.66     1.929
  -19.79   -17.63   -50.55       -20.11   -16.44   -48.20     2.651
    9.49    21.05    32.22         9.95    22.26    33.03     1.529
   24.11    15.65    20.50        25.09    18.31    20.07     2.868
    5.63     3.51   -18.74         5.25     4.64   -18.57     1.200
  -23.07   -11.96    -6.08       -24.60   -13.11    -6.03     1.913
  -30.79     3.48   -40.56       -31.30     3.24   -40.70     0.583
  -25.49   -24.58   -47.30       -27.05   -21.42   -45.70     3.873
  -13.50    13.14    32.24       -13.46    12.91    32.83     0.637
  -26.12   -33.76   -35.98       -26.64   -30.88   -34.21     3.420
  -29.91   -11.34    -8.50       -30.76   -12.84    -6.06     2.988
   -7.32   -20.58    -9.51        -7.74   -19.86    -9.50     0.833
  -29.76     7.62   -31.33       -31.05     9.24   -30.83     2.122
   18.40     2.05    60.25        20.40     2.39    61.40     2.332
   19.60    10.17    56.67        21.28    11.11    57.64     2.150
    1.34    20.40    33.74         1.39    22.19    32.84     2.007
  -16.45    -2.08   -47.55       -16.63    -1.90   -47.32     0.343
  -16.02   -12.39    -2.39       -17.84   -10.17    -2.47     2.873
    1.84    18.46    52.26         0.35    18.09    52.86     1.649
   -7.81   -11.73     6.43        -5.96   -10.44     7.35     2.439
   -8.47     5.10    35.47        -7.23     4.95    34.60     1.531
  -14.61   -31.76   -38.38       -16.60   -29.39   -37.52     3.217
  -15.54     3.41   -12.87       -17.23     5.33   -12.47     2.586
  -35.30     2.45   -36.93       -35.44     3.71   -36.58     1.311
   -1.55    -6.88    44.38        -2.60    -5.57    43.29     1.998
   -4.75    -6.47   -40.42        -3.19    -6.13   -39.35     1.922
  -16.08    11.85    18.69       -14.22    11.69    21.54     3.407
   -7.53    14.71     9.74        -7.83    13.51    10.77     1.614
   -0.33    -8.59   -29.87        -0.25    -8.86   -29.89     0.286