200, pa4-J-Output.txt
  -29.47   -13.42   -46.47       -29.94   -12.56   -47.20     1.114
   36.67     7.22   -23.04        33.34     8.93   -23.66     1.477
    3.77    -8.21    43.59         4.83    -6.99    43.93     1.654
    5.41   -11.66    16.72         5.21    -9.61    17.22     1.763
    4.96   -12.42    12.96         4.82   -10.71    13.30     1.513
   -3.41    -8.83    17.58        -4.77    -8.88    18.60     1.219
  -15.98   -15.36   -48.81       -16.78   -14.54   -48.42     0.607
   -1.86   -13.34     3.88        -2.05   -12.61     2.13     1.906
   36.30     8.76   -22.88        33.34     8.93   -23.66     1.573
   17.84    -6.93    45.27        16.42    -5.08    43.73     1.628
   21.87    16.37    44.04        20.48    16.07    44.29     1.093
   -6.52     1.68    23.01        -9.14     0.27    22.42     2.485
   40.93     9.67    -4.74        38.39     9.74    -6.55     2.118
  -10.59    20.50    20.97       -12.89    23.12    20.92     1.720
  -30.23     4.92   -17.75       -31.64     6.63   -16.42     1.527
   -2.36   -24.02   -14.58        -4.46   -22.65   -15.62     1.172
   -7.79   -30.49   -20.30        -9.55   -28.07   -19.02     1.877
  -18.16   -32.98   -34.76       -20.46   -32.07   -33.62     1.150
   16.72    -8.38    23.75        16.76    -6.32    23.87     1.834
   26.26     8.79    45.10        23.39     9.95    43.55     1.882
  -29.65   -27.91   -16.02       -30.89   -26.79   -15.10     0.932
   16.12     9.45   -13.75        14.19    12.71   -15.04     2.451
   -5.94    -5.63    18.35        -8.53    -4.86    18.28     0.934
   22.85    12.29    59.80        20.50    13.40    57.69     2.148
  -33.85   -12.22    -9.60       -34.41   -12.65    -7.85     1.889
   35.93     7.11   -24.24        33.34     8.93   -23.66     1.108
  -39.16   -18.38   -29.16       -41.83   -16.14   -29.90     1.894
   -4.14     3.98    58.19        -7.08     4.72    58.50     1.350
   -4.60   -10.67     8.34        -5.96   -10.44     7.35     1.106
    2.17    -7.81    56.21         0.31    -6.65    55.63     0.704
  -24.64     9.58   -23.90       -26.72    11.36   -23.42     0.947
  -13.88   -28.43   -41.19       -16.35   -26.99   -41.04     0.777
   21.84    16.20    45.51        20.48    16.07    44.29     1.494
   33.60   -11.71   -15.30        31.33    -9.39   -15.74     1.187
  -37.00    -8.26   -37.97       -40.29    -8.84   -37.24     1.929
   -3.49     0.45    43.99        -6.45     1.31    44.21     1.353
  -12.74   -14.28   -48.50       -14.77   -13.20   -48.55     0.164
    0.19    15.53     8.43        -1.75    16.85     7.06     1.420
   36.95    -3.95   -22.29        34.02    -1.40   -22.71     1.658
   -5.85   -21.81    -9.18        -7.74   -19.86    -9.50     1.018
  -26.38     5.13   -38.09       -29.87     6.26   -38.60     1.608
   10.95    -1.72   -21.62         9.85    -1.31   -21.75     0.297
   38.59    -1.93    11.23        36.60    -0.07    10.22     1.042
    3.22    11.13    -3.55         1.76    12.53    -5.48     2.010
    3.89    16.13    57.50         0.85    17.71    58.44     1.771
   38.98    -3.02    10.29        35.94    -2.06     9.92     1.341
   -9.26     8.61    18.03       -11.89     8.67    18.30     1.154
   -8.19   -31.42   -30.05       -10.28   -29.35   -30.81     1.368
    7.84    17.90    54.18         5.60    19.58    55.00     1.185
  -30.71   -25.63   -13.98       -33.10   -25.45   -15.04     1.493
   28.74    22.43    -0.76        27.17    23.34    -1.10     0.452
   21.33   -15.74    -1.63        19.77   -14.17    -2.67     1.030
  -16.50    -1.79   -46.33       -16.63    -1.90   -47.32     1.003
   -1.01    -6.17    36.50        -3.33    -5.52    37.44     1.167
   32.70    14.95    13.70        30.87    15.58    13.05     0.748
   30.61    -0.46    24.20        28.52     2.00    22.35     2.141
   13.48   -13.28   -19.94        13.11   -11.74   -18.85     1.612
   30.71   -11.55     0.58        27.73   -10.61    -0.94     1.860
   -6.08   -29.25   -18.84        -8.16   -27.21   -18.45     1.142
   -0.42   -21.98   -12.72        -1.53   -20.13   -13.98     1.644
   22.14    -5.90    34.45        20.29    -4.13    32.86     1.623
   17.45    -4.48    62.75        16.30    -3.68    61.51     1.253
   -1.34    12.27    56.26        -4.01    14.32    55.63     1.626
    5.17    21.51    29.58         4.80    22.55    30.20     1.172
   23.63   -12.43     1.94        20.40   -11.14     1.78     1.504
    2.94    -3.59   -26.63         0.59    -2.31   -26.25     0.602
   37.72    -6.09     1.56        34.42    -5.11     3.26     2.389
   -2.66     8.41    -1.87        -4.11    10.95    -1.70     1.585
   -2.62   -26.08   -17.66        -4.85   -23.91   -17.64     1.233
   -0.45   -24.29   -17.27        -3.43   -22.90   -17.53     1.285
  -22.76   -19.69   -46.96       -23.54   -19.82   -46.96     0.738
   24.00    23.71   -16.34        23.86    24.55   -17.94     1.812
  -14.46   -33.59   -31.62       -16.73   -31.92   -31.10     0.964
  -23.42     8.30   -19.08       -23.28     8.50   -17.39     1.707
   36.62    10.38   -21.22        33.81    12.62   -20.27     1.694
    4.27   -10.20   -27.55         1.77    -8.81   -26.97     0.894
   11.74    19.39    -7.96         9.35    21.49    -8.63     1.240
   -4.50    -5.40    24.18        -6.63    -6.63    22.91     2.452
   -1.60   -11.16    12.64        -2.11   -10.84    11.27     1.491
  -37.07   -11.26   -37.41       -40.29    -8.84   -37.24     2.039
   -6.48     4.79    26.42        -8.69     4.68    27.79     1.677
    8.10    21.97     3.84         4.31    22.93     4.50     1.955
    6.40   -19.42   -16.75         5.74   -16.57   -16.49     2.117
   -2.81     9.71    51.52        -6.21    10.06    52.14     1.888
   40.42    -2.60    -3.46        37.88    -0.61    -2.06     1.884
  -29.40     4.06   -37.20       -31.13     6.18   -37.34     1.319
  -34.38   -11.59   -10.06       -36.72    -9.01    -8.76     2.132
   17.54    22.83   -12.78        16.77    25.43   -13.87     2.174
   34.67    17.73     4.61        32.64    18.19     5.85     1.439
    3.91     1.68   -22.68         2.19     1.26   -22.97     1.173
   24.61    16.66    30.81        22.26    17.71    31.11     0.664
   -7.48    -4.35    13.65       -10.17    -3.25    14.26     1.120
   37.89    13.48     6.88        37.16    13.04     6.07     1.181
   26.12    -3.90    30.81        24.16    -1.86    28.88     2.028
  -39.74   -15.97   -21.40       -42.74   -15.68   -22.03     1.521
    5.17    -9.38   -26.44         1.77    -8.81   -26.97     1.659
  -23.21   -27.30   -10.85       -24.05   -27.22   -11.95     1.278
   32.82    19.27     6.50        30.55    20.03     6.12     0.629
   26.30     7.08    45.66        23.61     6.35    43.90     2.666
  -13.08   -33.25   -31.35       -15.05   -31.46   -31.01     0.876
  -15.14    -0.42   -45.59       -16.58    -0.05   -46.59     1.048
   17.95     9.45    63.18        16.83     9.81    63.21     0.420
  -26.30   -10.25    -7.30       -27.50   -10.20    -6.89     0.614
   10.62    -8.18    42.18         8.80    -6.66    43.62     1.562
  -24.38    -6.99   -48.01       -27.12    -4.88   -48.08     1.419
  -40.91   -12.50   -24.25       -44.01   -12.46   -25.24     1.865
   18.67    25.24     5.40        16.82    26.63     5.99     0.708
  -15.62   -33.16   -19.03       -16.81   -31.57   -20.75     1.991
   23.95    16.95    33.68        21.73    17.14    33.89     0.954
    5.17    -2.25   -23.93         5.00    -2.64   -23.36     0.709
   13.40     5.67   -15.18        12.36     7.89   -13.68     2.098
    5.32    17.37    51.91         4.34    19.48    51.52     1.307
   13.30    24.29    -0.44        12.92    26.88    -2.48     2.928
   41.07    -0.58   -13.06        38.86     0.25   -11.08     2.112
   10.12    19.09    46.42         9.26    20.76    47.28     1.347
   19.61    -6.46    42.08        18.46    -3.90    43.55     2.139
   11.71    23.88    12.61        10.68    25.02    14.02     1.529
    8.30    15.77    63.19         8.92    17.18    63.23     1.534
   33.47    11.37    15.21        30.43    13.40    15.07     1.447
    0.32    -6.35    54.32         0.31    -6.65    55.63     1.347
  -37.50    -0.23   -23.80       -39.93     1.48   -22.24     1.685
  -36.63   -13.71   -13.43       -38.41   -13.00   -11.95     1.260
  -27.19   -10.49    -6.73       -27.50   -10.20    -6.89     0.456
  -23.85   -32.49   -19.23       -26.63   -31.26   -20.06     1.461
  -36.76   -23.75   -28.60       -38.47   -23.96   -29.98     1.684
   27.34     3.61    38.83        24.18     6.13    40.12     2.455
   14.95    -7.98    27.65        12.78    -6.47    26.72     1.093
   20.80    -8.73   -22.73        20.05    -8.32   -23.18     0.699
   19.18    -9.09    16.28        16.82    -7.24    17.04     1.291
  -34.81   -24.63   -34.18       -37.34   -24.08   -33.33     0.971
   -7.78    16.62    37.14        -9.63    17.30    38.57     1.374
   25.22   -11.50     2.48        23.97    -9.77     1.86     0.877
   36.15    -0.70   -23.84        34.02    -1.40   -22.71     2.018
   -4.92     2.93    30.56        -7.76     4.50    31.44     1.540
   -5.45    -1.53   -41.53        -5.87    -2.28   -40.49     1.346
   19.20    10.88    63.15        20.38    10.03    62.96     1.476
  -40.08    -7.46   -29.97       -43.37    -8.34   -29.16     2.162
   18.66    21.06    28.80        17.94    21.91    30.42     1.734
   26.17   -16.43    -7.29        24.67   -13.69    -7.65     1.586
   37.30    -7.55   -14.99        34.77    -5.39   -15.97     1.375
   -2.26    10.58    55.26        -4.01    14.32    55.63     2.760
  -34.10   -21.44   -13.68       -36.28   -20.99   -13.05     0.686
   -5.37    -5.94    20.21        -6.96    -6.77    18.88     2.026
   20.04    20.52   -28.45        18.21    21.63   -28.33     0.212
   35.61    -3.29    13.73        34.75    -0.96    12.05     2.040
  -30.48     1.91   -38.91       -33.50     3.62   -38.39     1.340
  -27.03   -32.47   -27.97       -27.13   -32.08   -26.79     1.248
   -6.09   -24.89   -40.52        -8.35   -22.78   -40.69     1.179
    0.70    18.15    10.69        -2.42    18.95     9.73     1.574
   28.28   -12.79   -21.50        26.70   -12.44   -19.24     2.302
   20.38    25.55    -3.70        19.66    26.77    -2.21     1.711
   -1.44   -14.11     1.84        -2.05   -12.61     2.13     1.077
   28.44    21.20     9.83        26.99    22.17     8.93     0.927
   -8.14   -21.91    -9.13        -9.50   -21.40    -9.79     0.724
   -3.87     3.56    53.93        -7.11     6.25    52.57     2.763
   22.82   -11.87   -21.61        23.62   -11.98   -21.38     0.833
   37.02    -2.42   -22.82        34.02    -1.40   -22.71     1.141
   39.04     4.56   -18.67        36.52     5.95   -17.51     1.437
    1.62    -7.29    54.72         1.74    -7.13    55.08     0.413
   -6.75   -11.06     4.76        -5.77   -11.26     5.09     1.052
  -32.07   -16.70    -8.53       -31.49   -16.30    -7.79     1.011
  -40.97    -8.76   -25.21       -44.46    -8.65   -24.76     1.720
   18.36   -16.01   -16.10        16.46   -15.37   -15.36     0.842
   41.37    -1.32    -0.95        37.88    -0.61    -2.06     1.987
   27.37    16.76    22.28        25.94    15.35    22.98     2.131
  -33.81   -18.10   -10.92       -34.11   -18.03    -9.53     1.424
   30.30    14.31    18.40        28.33    13.10    19.37     2.301
    1.23   -10.86    20.94         1.25    -9.26    22.44     2.127
  -15.29    -2.80    -3.00       -18.47    -3.25    -1.24     2.526
    8.07   -10.94    17.78         5.21    -9.61    17.22     1.336
   24.71    23.02     8.69        24.17    23.36     8.84     0.654
   18.84    22.41    18.56        17.13    23.88    17.61     0.947
   14.26    18.87    59.66        13.20    20.32    58.74     1.088
   21.23    -0.22    62.63        19.48     2.57    62.98     1.705
   40.46     8.76    -9.88        37.87     9.50    -9.63     0.913
  -15.01   -28.87   -12.36       -15.80   -26.91   -12.60     1.398
    4.22   -12.78   -28.06         1.79   -12.59   -26.84     1.552
   -7.29    -6.99    10.55        -9.71    -6.50    10.52     0.831
   -4.74    -5.42    24.07        -6.63    -6.63    22.91     2.292
   16.63    24.80     8.99        16.08    26.09     9.36     1.040
   -3.83    -9.80   -44.09        -5.84    -9.60   -43.34     0.965
  -25.78   -29.72   -14.84       -27.52   -28.93   -15.73     1.013
   -1.91     7.13   -13.18        -4.42     8.87   -12.94     0.936
   23.69    -3.30    41.85        21.01    -1.53    43.52     2.143
   24.55    24.07     2.81        23.44    25.00     1.18     1.632
   23.04    21.54   -25.71        20.02    23.09   -25.71     0.991
   -9.78     8.98    20.37       -12.07     9.08    21.29     1.225
  -11.15    19.99    29.29       -13.40    23.38    28.08     2.786
   29.03    -3.49    23.28        27.18    -1.26    22.05     1.506
   19.75    24.95    -5.94        20.05    26.14    -6.19     1.256
   35.43    -0.73   -24.88        32.42     2.25   -24.95     2.030
    1.79   -17.65   -36.26        -0.46   -15.73   -35.24     1.375
  -25.87     8.31   -20.35       -26.89    10.55   -20.38     1.662
   34.34    -7.44   -23.44        32.30    -6.39   -21.95     1.565
    0.70   -19.99   -36.50        -2.13   -19.14   -35.98     1.088
   -1.32    -2.34   -33.01        -3.72    -2.86   -34.68     2.264
   26.86     5.36    41.47        24.18     6.13    40.12     1.663
    6.03    -6.74    63.49         5.09    -5.06    63.42     0.791
   24.55    11.03    50.12        21.97    11.28    50.75     1.333
  -18.03   -15.62   -47.82       -20.11   -16.44   -48.20     1.640