200, pa4-B-Output.txt
  -16.79   -30.85   -24.78       -16.47   -32.10   -24.11     1.452
   -8.30   -26.98   -26.37        -7.43   -28.24   -26.91     1.623
    2.72     9.91    62.38         2.29     9.60    63.35     1.113
    8.07    -5.10   -23.05         7.83    -5.26   -22.66     0.486
   31.37    -6.14   -10.84        31.65    -7.25    -8.32     2.770
   24.51    -4.51    13.44        24.00    -6.38    12.46     2.171
  -13.84    18.11    16.27       -14.54    16.55    18.31     2.657
  -34.44     6.84   -17.99       -33.45     6.78   -19.29     1.639
  -35.08     6.77   -18.86       -33.45     6.78   -19.29     1.688
   19.54    19.93   -29.81        18.71    18.79   -30.00     1.429
   -4.43    -3.01   -35.73        -3.72    -2.86   -34.68     1.276
   21.13     5.90    50.91        22.67     6.32    49.97     1.847
  -13.20     6.65    -1.35       -13.04     5.02    -0.89     1.701
  -11.65    15.47    14.02       -10.98    16.58    15.84     2.235
  -36.40   -23.99   -18.23       -36.23   -25.46   -19.19     1.759
    6.84    10.06   -14.90         5.44     8.92   -14.15     1.953
   -0.54   -16.71   -29.27         0.13   -16.28   -30.02     1.091
   -4.39    -7.15    24.03        -6.63    -6.63    22.91     2.552
  -21.49   -30.62   -35.67       -20.28   -31.30   -35.52     1.396
   -9.74    -2.86    18.25        -9.29    -3.16    18.23     0.546
  -22.11     4.26   -44.74       -23.32     4.18   -43.31     1.867
   -5.06    14.68    58.49        -3.70    14.29    58.46     1.419
   -8.94    21.47    36.68       -10.31    20.26    36.81     1.833
   17.19    -7.79   -23.21        18.43    -7.98   -23.32     1.251
  -44.64    -8.75   -23.51       -44.46    -8.65   -24.76     1.265
  -38.85   -18.23   -15.27       -39.48   -18.10   -15.44     0.658
   12.52    -5.13    30.73        12.54    -6.36    30.28     1.308
   20.21   -13.78    -5.38        20.33   -15.72    -4.53     2.121
  -11.66     9.31    24.88       -10.19     8.25    27.81     3.446
   26.79     9.50    23.67        28.16     9.32    23.07     1.502
  -41.33    -1.19   -18.04       -41.10    -0.98   -18.63     0.665
   -7.03    11.63    58.94        -6.13    10.39    58.42     1.618
  -10.49    12.93    35.49       -10.32    13.64    36.62     1.348
   20.52    -6.63     9.71        20.43    -8.18     9.68     1.545
    0.65    20.07     3.44         2.67    19.78     3.65     2.054
   25.97   -10.68    -7.35        27.90   -10.82    -8.32     2.164
   35.32    13.98   -11.27        35.72    14.77    -9.61     1.879
   -4.07   -15.66    -7.07        -5.66   -17.70    -7.49     2.617
   13.03    -4.16    60.39        12.84    -5.94    61.78     2.262
  -31.64   -16.78   -46.94       -29.96   -16.39   -47.11     1.741
    5.88   -12.08   -22.51         5.79   -11.76   -22.53     0.334
  -28.82   -21.53   -45.39       -27.05   -21.42   -45.70     1.805
  -36.93   -24.27   -19.46       -36.23   -25.46   -19.19     1.408
  -33.72    -4.60   -10.21       -33.95    -5.45    -9.64     1.043
  -37.33     6.90   -25.70       -37.11     5.41   -26.73     1.826
  -13.68   -24.18   -12.87       -13.72   -24.65   -11.00     1.929
    7.59    23.70    28.54         9.23    23.04    27.71     1.952
   20.99    16.11    38.18        21.14    16.73    37.94     0.674
    1.53    23.99    28.50         0.98    23.49    28.21     0.791
   36.30     3.70   -15.57        36.99     3.22   -14.96     1.042
   -8.16    13.15     7.43        -6.28    12.73     7.66     1.937
  -23.48   -21.55    -8.93       -23.47   -23.31    -8.27     1.876
  -29.39     4.80   -14.91       -30.59     6.06   -14.83     1.742
    3.05   -16.20   -11.61         3.99   -17.53   -12.52     1.871
  -41.30     0.91   -19.73       -41.10    -0.98   -18.63     2.193
   -4.83   -13.82    -3.75        -2.02   -14.62    -2.61     3.130
    9.51    -3.59    62.36         8.90    -4.91    63.41     1.801
  -37.09   -15.64   -11.28       -36.68   -15.55   -10.20     1.168
   35.75    14.20     5.63        36.31    14.44     5.20     0.745
    6.28    -9.34   -23.60         5.72    -8.76   -24.09     0.943
   23.48    -7.54     4.31        24.03    -8.21     6.29     2.162
   35.55    -1.14    -1.04        35.91    -2.59    -1.73     1.652
   -1.54    -5.10    44.19        -2.60    -5.57    43.29     1.467
  -10.28    12.97    10.59        -7.83    13.51    10.77     2.516
   25.22    -2.78    17.96        27.58    -3.43    17.81     2.451
   35.36    12.29   -13.41        36.08    12.75   -12.88     1.008
    4.80    -5.99    45.31         4.83    -6.99    43.93     1.707
   22.88     0.89    33.09        23.75    -1.25    32.54     2.372
    7.80    26.60    10.40         9.70    25.89    10.35     2.026
   17.48    22.79    27.67        17.31    22.66    26.48     1.208
  -10.48   -17.58    -8.63        -9.23   -19.65    -8.55     2.415
   -8.45     8.21    37.23        -7.88     9.26    37.34     1.207
  -27.48   -13.67   -48.78       -27.50   -12.73   -48.13     1.141
   12.26    14.63   -14.52        13.71    16.20   -14.76     2.146
  -41.22   -20.96   -27.19       -41.19   -20.36   -25.48     1.808
   -7.50    13.51    43.35        -7.10    13.72    42.66     0.825
   -6.13    16.94     8.84        -5.24    15.12     8.99     2.023
   22.26    -0.26    32.70        23.75    -1.25    32.54     1.790
   -8.83   -19.75   -11.03        -7.74   -19.86    -9.50     1.888
   -0.47     9.15   -17.01        -1.20     7.95   -17.72     1.578
  -36.03     4.08   -16.06       -35.80     3.56   -16.09     0.565
   28.81    -0.70    16.15        29.28    -1.19    18.34     2.291
   27.21     8.33    22.80        28.16     9.32    23.07     1.399
   29.75    -8.77   -18.43        30.79    -9.17   -20.05     1.969
  -14.45     3.24   -44.52       -16.66     3.44   -43.69     2.365
    0.90     9.89   -15.42         2.26     9.48   -13.13     2.690
  -30.03   -14.36   -48.14       -29.94   -12.56   -47.20     2.038
   -6.72   -25.83   -25.41        -5.45   -26.86   -26.46     1.944
   21.33     4.51    47.54        23.03     6.19    46.89     2.475
  -40.82   -20.97   -30.58       -41.10   -20.19   -28.98     1.804
   -3.61    -0.66   -30.20        -3.01    -0.52   -28.87     1.470
   -9.52   -23.83   -15.79        -9.40   -25.66   -15.15     1.933
   31.10    -1.47    12.54        31.10    -1.55    15.66     3.126
   21.20    -3.41    23.50        20.04    -5.89    23.09     2.770
  -19.45     5.30   -43.79       -20.14     5.71   -41.42     2.503
   -7.75     9.36   -17.59        -8.85     8.39   -18.43     1.686
  -32.46    10.37   -25.53       -30.37    10.04   -27.62     2.974
   10.81    24.82    21.00         9.72    23.99    21.61     1.502
   18.44     0.30    55.02        20.23    -0.01    54.09     2.038
  -17.23     8.66   -40.59       -16.46     8.37   -38.60     2.156
   24.77    25.07    -3.96        24.36    24.87    -2.17     1.845
  -38.53   -13.17   -43.02       -37.57   -12.67   -42.77     1.114
  -22.26    -9.52   -50.63       -23.78    -9.69   -49.93     1.683
   18.10    22.00   -29.23        18.21    21.63   -28.33     0.981
   -9.43   -25.88   -18.67        -8.16   -27.21   -18.45     1.860
    9.17    -5.78    52.27         8.86    -7.02    51.47     1.505
  -37.72     2.01   -15.90       -36.53     2.02   -15.42     1.280
   19.42    21.12    28.49        21.14    20.40    27.46     2.127
  -39.92   -21.41   -20.66       -39.90   -21.09   -19.29     1.412
  -44.41    -6.80   -29.45       -43.37    -8.34   -29.16     1.888
   -4.76    -3.99    36.95        -4.90    -4.00    37.37     0.442
   19.34    15.69    50.12        19.57    15.85    51.24     1.157
  -17.20    12.57   -24.62       -16.62    11.84   -24.29     0.991
  -10.18   -11.43    -0.37        -9.74   -12.75    -0.11     1.406
    0.37    -5.98    55.26         0.31    -6.65    55.63     0.771
   25.41    24.65    -5.62        26.82    23.40    -5.20     1.927
  -27.08     0.76   -46.93       -27.11    -1.88   -46.52     2.675
  -15.89    12.39   -24.95       -16.62    11.84   -24.29     1.129
   -7.99     8.29    57.77        -6.96     7.71    58.87     1.617
  -43.43    -6.25   -32.32       -42.34    -5.70   -32.41     1.217
   33.75    -3.77   -18.43        34.24    -4.73   -19.03     1.234
   -2.04    -4.98    55.83        -2.33    -5.35    55.61     0.519
    9.46    25.80    14.64         9.24    25.24    14.10     0.808
  -32.37    -7.66    -7.95       -30.96    -7.75    -7.57     1.458
    8.00    23.83    -6.95         8.66    23.16    -5.03     2.142
   20.46    -8.76     2.76        20.87   -10.38     2.67     1.673
  -32.64    -8.98   -47.84       -33.64    -9.13   -46.13     1.984
   -0.35    20.45     5.16         0.96    19.40     5.58     1.733
   22.52     4.39    40.78        23.83     2.93    39.76     2.209
   19.03    23.15    20.32        17.04    23.18    20.55     2.008
    2.20    19.21    -0.20         3.64    20.08     1.73     2.564
   16.90    -2.62    45.27        18.46    -3.90    43.55     2.652
  -37.11     3.13   -15.98       -36.53     2.02   -15.42     1.365
   17.15    17.36    56.78        17.33    17.67    55.11     1.706
   12.27    26.14   -10.11        12.01    23.99    -9.96     2.170
  -14.27    -6.10   -48.74       -12.98    -6.09   -47.71     1.658
   12.89    20.30   -31.58        13.16    18.99   -30.63     1.641
  -37.60    -2.60   -42.76       -35.61    -1.63   -42.11     2.306
    6.48   -14.14   -18.48         7.45   -13.77   -19.62     1.536
  -30.82     6.08   -15.32       -30.59     6.06   -14.83     0.542
  -12.11     8.76   -14.23       -12.50     7.92   -15.43     1.520
   16.14    18.08    59.88        14.94    18.90    58.60     1.941
   29.41    21.70   -11.64        30.68    20.49   -13.34     2.439
   -4.73    -7.02    23.68        -6.63    -6.63    22.91     2.084
    0.88    18.79     1.92         2.83    18.60     2.35     2.003
   -9.12     3.18   -40.03        -9.42     4.73   -37.99     2.583
   13.38   -12.84   -17.68        13.11   -11.74   -18.85     1.627
    0.06    -8.02    22.53         1.25    -9.26    22.44     1.716
    6.39     9.22    62.13         5.93     9.53    63.35     1.334
  -26.26   -29.56   -36.41       -26.78   -29.69   -36.14     0.605
  -25.06    -0.79   -48.51       -23.94    -2.10   -47.68     1.908
  -27.16   -19.27    -7.97       -27.38   -19.54    -7.14     0.903
    6.88    13.46    62.21         5.32    13.62    63.08     1.794
  -38.52     1.90   -17.14       -38.46     2.07   -19.14     2.009
  -40.43    -9.91   -14.00       -39.92    -8.71   -13.24     1.513
   35.65     9.00   -15.60        36.29     8.79   -16.65     1.245
  -18.45     5.78   -43.57       -16.53     5.15   -42.47     2.303
    9.61    23.44    30.39         9.02    22.48    30.69     1.168
   12.77    15.55   -16.96        13.71    16.20   -14.76     2.476
    2.47    20.01    52.93         4.34    19.48    51.52     2.401
   -8.95    24.27    17.90        -9.26    22.03    17.54     2.293
  -12.15     7.45    20.01       -12.07     9.08    21.29     2.074
   37.09     6.32   -13.30        37.15     5.46   -13.99     1.100
   16.58   -12.64   -18.69        16.37   -12.21   -18.51     0.509
   28.86     2.12    17.69        30.29     2.53    18.79     1.854
   -0.96    17.79     2.94        -1.06    16.20     4.35     2.121
   24.74     6.15   -31.11        24.34     4.83   -30.24     1.622
  -37.90   -19.17   -14.46       -37.73   -20.35   -15.04     1.324
   -8.93    -7.27   -46.13       -10.31    -6.50   -46.75     1.690
  -15.90   -27.76   -38.80       -16.60   -29.39   -37.52     2.194
    0.83    -5.82    42.59         0.74    -6.80    42.10     1.101
    5.18     6.19    62.23         6.00     6.17    63.20     1.268
   -8.78    15.94    11.24        -8.76    14.42    12.75     2.146
  -41.33   -13.99   -16.27       -40.94   -12.81   -15.59     1.415
   15.20     8.51   -21.58        16.56     8.60   -22.72     1.773
   23.63    -3.02    20.05        24.09    -4.14    21.70     2.044
   -4.78    -2.67    58.25        -5.33    -1.79    58.78     1.164
    6.75    25.86    13.69         5.77    24.78    13.81     1.460
   12.89    23.41    32.92        13.23    22.49    33.10     0.995
  -11.44    -3.48    10.87       -12.51    -2.78     9.95     1.572
   20.34    15.76    42.94        20.48    16.07    44.29     1.391
   -8.34   -19.70   -11.21        -7.74   -19.86    -9.50     1.820
   26.31    23.25   -19.46        25.93    22.25   -21.52     2.314
   15.00    -3.24   -23.39        13.22    -1.44   -22.11     2.838
   -2.57    -5.30    35.31        -2.68    -6.45    34.50     1.411
    5.84    16.69    -8.52         7.83    16.54    -8.07     2.039
   -1.23    -5.14    46.76        -2.60    -5.15    46.41     1.418
   -9.41    -5.44    13.56        -8.59    -6.37    14.09     1.350
  -29.50   -28.56   -18.79       -28.39   -29.85   -18.44     1.742
   -6.91     7.17   -25.92        -6.59     7.16   -24.05     1.896
  -37.49   -24.07   -34.27       -37.34   -24.08   -33.33     0.946
   11.62    -2.86    62.22        12.66    -1.08    63.02     2.203
   35.24    -2.47   -12.69        37.56    -2.15   -10.79     3.007
   -3.05   -10.06     8.89        -2.04   -11.43     7.35     2.294
   21.39     9.44    50.33        22.44     9.47    50.54     1.070
  -28.78   -24.55   -11.74       -29.93   -25.63   -12.37     1.704
   28.11    18.43    12.52        29.40    17.62    12.93     1.577
   -7.83     4.89    48.78        -7.17     5.86    49.86     1.595
  -24.41   -14.32    -7.09       -24.60   -13.11    -6.03     1.625
  -27.77     2.24   -13.64       -27.61     1.80   -12.83     0.931