200, pa4-D-Output.txt
   -5.98    -5.94    59.69        -2.26    -5.40    58.23     4.036
  -10.45   -22.76   -11.48       -11.44   -22.67   -10.98     1.117
  -13.96    -2.49   -47.72       -13.07    -2.47   -46.64     1.394
   34.40    12.78     6.00        36.31    14.44     5.20     2.653
   16.00    -2.45    43.95        16.42    -5.08    43.73     2.670
  -28.89     7.06   -19.39       -30.60     8.82   -19.28     2.466
   -3.42    -6.59   -39.47        -3.19    -6.13   -39.35     0.530
    0.69   -18.73   -25.27         0.05   -19.73   -26.07     1.429
    5.05    -6.79    48.75         4.70    -7.17    47.78     1.096
   23.19    22.31     6.54        23.88    24.43     5.10     2.662
   23.05     4.37    29.77        26.67     6.01    29.26     4.014
  -13.62   -20.05   -47.61       -11.44   -19.95   -45.48     3.052
   -1.71    -8.06    28.74        -3.07    -7.73    27.73     1.727
   -1.76   -10.24    18.89        -2.42    -9.63    19.16     0.937
  -12.35   -28.86   -39.75       -13.14   -27.66   -38.87     1.681
  -44.14    -7.39   -30.57       -43.37    -8.34   -29.16     1.870
   10.18    -6.89    27.96         8.98    -7.03    26.53     1.866
  -33.51   -19.58   -10.82       -32.94   -19.84    -9.41     1.537
   10.57    -5.27    50.01        12.88    -6.02    51.33     2.765
  -16.05   -32.64   -34.04       -17.07   -31.39   -33.93     1.617
  -27.84     1.52   -44.99       -27.26     1.98   -43.99     1.241
  -11.23     6.49    46.21        -6.95     6.15    46.51     4.299
   24.29    22.67    -3.47        24.36    24.87    -2.17     2.557
   -2.24   -13.25   -38.91        -2.27   -12.85   -38.59     0.507
   29.70     3.32    15.98        31.87     2.58    16.34     2.322
   23.59    -3.21    21.40        24.09    -4.14    21.70     1.099
   25.99    16.80    13.91        28.38    16.37    15.62     2.970
  -16.96    15.28    32.24       -15.68    16.80    31.65     2.076
   20.38     1.88   -27.65        21.65     1.92   -27.21     1.348
   37.13     4.16   -10.21        38.72     4.72   -11.60     2.185
    1.59    13.15    -5.99         1.76    12.53    -5.48     0.823
  -11.77     6.48   -13.79       -12.47     6.96   -11.71     2.250
   31.56     8.40    12.33        32.74     9.63    13.74     2.209
  -25.31    -3.56   -49.24       -27.12    -4.88   -48.08     2.522
   28.00     7.73    17.95        30.38     9.08    18.33     2.757
   10.66   -18.30    -8.10        11.88   -16.81    -8.14     1.928
  -35.40    -4.73   -12.38       -38.07    -6.08   -11.51     3.119
    7.12    18.94    61.60         4.87    19.11    61.70     2.256
   -1.90   -10.99   -34.09        -0.43   -11.34   -32.80     1.992
   -2.36    13.18    -1.09        -1.30    13.44     0.10     1.614
   -9.46    -3.24    35.23        -6.26    -2.56    34.36     3.384
  -39.68    -8.06   -41.81       -39.44    -9.38   -40.52     1.866
   32.53     2.33    12.71        33.25     1.99    14.41     1.880
   -0.84    -7.17    39.29         0.54    -6.82    39.16     1.433
  -34.02    -1.15   -14.89       -35.39    -1.15   -12.16     3.054
  -11.47    -6.61   -48.34       -12.98    -6.09   -47.71     1.715
    5.34     8.62    62.22         5.93     9.53    63.35     1.564
    8.66     6.02   -15.84         9.52     5.27   -16.56     1.353
   -1.75   -15.88   -37.65        -1.48   -15.89   -36.84     0.861
   15.49    -6.48    24.94        16.76    -6.32    23.87     1.671
    5.44     4.49    62.24         6.00     6.17    63.20     2.017
  -14.64    -0.07   -46.36       -16.58    -0.05   -46.59     1.952
   10.59    22.06    31.39         9.02    22.48    30.69     1.775
   10.05    22.06    30.71         9.02    22.48    30.69     1.116
  -10.68    -3.70    25.94        -7.64    -3.11    26.40     3.131
  -16.42   -13.62   -50.27       -16.16   -12.92   -48.39     2.022
  -27.46   -23.46    -9.89       -27.09   -24.83    -9.75     1.428
   34.96     5.32   -17.60        36.52     5.95   -17.51     1.683
  -28.07   -31.21   -18.37       -28.39   -29.85   -18.44     1.392
  -37.74    -8.14   -12.40       -38.26    -8.91   -11.01     1.674
   -3.10    18.12    58.27        -1.42    16.32    58.63     2.485
  -42.55    -2.23   -27.80       -42.58    -2.34   -29.49     1.700
   20.95   -13.39    -1.89        21.62   -13.19    -2.76     1.107
  -10.34   -25.55   -42.33       -10.66   -25.31   -40.14     2.231
    2.71    23.76    11.20         1.94    23.44    13.10     2.071
   -3.73    13.13     0.64        -3.91    11.76     0.54     1.382
   30.88    -3.26    12.84        31.27    -5.02    11.87     2.048
    6.16    24.76     6.29         7.09    25.36     6.34     1.112
    9.24    -2.21   -21.94         9.85    -1.31   -21.75     1.095
  -18.41   -12.87    -4.62       -17.83   -13.66    -4.62     0.984
    9.03    -5.68    53.41         8.90    -7.05    54.67     1.869
    4.03    -5.51    62.81         5.09    -5.06    63.42     1.298
   16.44    10.36    58.50        16.83     9.81    63.21     4.758
    8.12    20.54    56.53         9.10    20.75    55.24     1.633
   37.53     7.73    -1.35        39.24     9.56    -2.71     2.858
    7.14    -6.56    45.57         8.97    -6.72    47.34     2.554
    5.10    -4.77    62.81         5.09    -5.06    63.42     0.678
   35.14     5.42   -17.07        36.52     5.95   -17.51     1.541
  -10.58     1.89    40.74        -6.36     0.83    40.79     4.345
  -10.76     1.20    31.38        -7.41     0.78    30.27     3.551
  -25.57   -32.12   -19.44       -26.63   -31.26   -20.06     1.499
  -11.35   -30.83   -33.41       -12.93   -30.02   -34.23     1.952
   11.05    18.47   -19.93        11.66    19.39   -19.83     1.109
  -10.72   -21.60   -45.68       -11.44   -19.95   -45.48     1.817
  -23.27     6.39   -18.71       -23.28     8.50   -17.39     2.483
  -16.15    21.57    29.61       -15.88    19.81    28.03     2.379
    2.13    -6.90   -26.18         1.71    -6.12   -26.63     0.987
  -17.89     1.29    -3.13       -17.65     1.27    -4.61     1.493
  -11.07     7.95    47.33        -6.95     6.15    46.51     4.569
    6.24   -16.36   -18.19         5.74   -16.57   -16.49     1.777
   16.06     1.35   -22.31        16.69     1.56   -21.97     0.744
    8.64   -16.99   -13.01         9.56   -15.92   -12.03     1.717
    1.37    -9.23    20.76         1.25    -9.26    22.44     1.684
   13.23   -14.58     1.83        13.19   -13.60     3.28     1.742
  -43.17    -9.88   -20.00       -43.52    -8.91   -21.63     1.935
   27.52     6.00    19.04        29.97     5.93    19.72     2.540
   29.90    -6.07    11.07        31.27    -5.02    11.87     1.906
   -8.67   -11.07   -47.49        -9.49    -9.52   -46.75     1.899
  -18.80    10.39   -32.89       -20.17    11.23   -34.49     2.273
    7.13   -10.98   -23.20         5.79   -11.76   -22.53     1.697
   11.99    -4.66    49.32        13.02    -6.17    47.71     2.439
    8.76   -10.24    12.48         9.35    -9.64    13.78     1.546
   30.20    17.65     1.51        30.85    20.37     2.80     3.087
   -2.11    -8.31   -32.33        -1.83    -8.79   -32.75     0.699
  -11.90    -0.60    21.89        -9.14     0.27    22.42     2.942
    0.79    21.84     7.24         1.38    21.02     7.36     1.020
   -9.15     6.99   -14.82        -8.18     8.22   -14.90     1.565
  -39.84    -9.77   -41.93       -39.44    -9.38   -40.52     1.524
   14.97    -1.10    52.76        16.36    -4.21    54.45     3.806
    2.24    -7.13    39.11         0.54    -6.82    39.16     1.735
   25.79   -14.26   -16.09        25.03   -14.40   -14.87     1.443
   28.89    -3.73   -26.17        30.02    -4.90   -26.18     1.620
  -12.30   -29.93   -19.42       -12.76   -29.94   -19.68     0.530
  -25.32    10.02   -22.56       -26.72    11.36   -23.42     2.125
   21.78    13.38    27.98        24.94    13.27    30.13     3.820
   -7.84    -4.48    55.39        -5.36    -1.72    55.58     3.715
  -18.59   -18.50    -7.42       -17.28   -19.71    -6.84     1.873
  -16.44     9.29   -35.38       -15.32     9.93   -35.21     1.305
    1.71    -7.23    52.41         1.20    -6.72    52.14     0.767
   -4.38   -18.01    -7.51        -5.66   -17.70    -7.49     1.317
   -7.96    22.69    31.79       -10.00    23.58    32.39     2.303
   -3.83    -6.69    53.29        -2.26    -5.25    52.52     2.263
  -10.40    -8.61    10.00        -9.71    -6.50    10.52     2.282
  -11.45    -6.16    14.19        -8.59    -6.37    14.09     2.872
  -11.52     3.58    58.04        -7.08     4.72    58.50     4.607
  -30.69   -22.18   -10.07       -30.57   -22.27    -9.21     0.880
   18.13    23.33    10.38        20.33    24.78     9.00     2.976
   -0.60     7.85    62.31        -1.20     6.17    63.34     2.070
   -6.80    23.03    16.54        -6.17    22.05    16.41     1.172
   -3.64   -11.78    10.04        -2.11   -10.84    11.27     2.174
   31.23    -9.36   -17.32        31.33    -9.39   -15.74     1.581
    0.48   -12.69     9.08         1.47   -11.53    10.22     1.907
  -32.04     6.36   -35.76       -31.13     6.18   -37.34     1.827
   -3.75    -4.48   -34.13        -3.09    -5.57   -33.80     1.323
   22.43    -8.17    10.11        23.98    -7.38     9.15     1.990
    3.69    20.58    52.77         4.34    19.48    51.52     1.792
  -10.70    -0.81    28.83        -7.41     0.78    30.27     3.931
   -4.88    -6.42    38.18        -3.33    -5.52    37.44     1.942
   -7.63   -24.94   -39.99        -8.35   -22.78   -40.69     2.385
  -18.44    -5.75    -0.10       -16.64    -6.58     0.63     2.116
  -41.88   -21.47   -25.89       -41.19   -20.36   -25.48     1.371
   16.07    -0.71    49.71        17.79    -3.27    51.15     3.403
   -8.59     7.11   -10.26        -8.04     8.13   -11.20     1.491
  -35.29   -24.87   -16.07       -34.55   -24.28   -15.13     1.332
   34.46    11.91   -11.88        36.08    12.75   -12.88     2.073
  -31.81    -1.46   -45.36       -31.17    -1.47   -44.26     1.275
  -11.62     5.33    53.09        -7.11     6.25    52.57     4.629
   32.25     4.99   -24.13        33.37     6.01   -23.79     1.558
   29.82     0.16   -27.81        30.05     2.44   -28.85     2.510
   10.40    21.87    33.53         9.95    22.26    33.03     0.774
  -39.03     1.87   -33.49       -38.58     1.77   -33.75     0.528
  -40.77   -18.59   -17.82       -39.58   -19.54   -16.99     1.732
  -33.45     5.89   -21.13       -33.45     6.78   -19.29     2.047
    8.29    10.33   -12.30         8.56    10.50   -12.18     0.339
   -2.81    18.38    55.47         0.60    17.99    55.53     3.428
  -33.78     1.65   -16.57       -33.50     3.57   -14.69     2.703
   28.50    16.97    10.56        30.22    17.47    11.65     2.099
   -9.86   -28.00   -38.49        -9.99   -26.22   -38.21     1.804
   -4.75    -2.33   -36.87        -3.56    -3.11   -37.22     1.467
   17.00   -11.45     4.72        16.61   -11.66     4.93     0.491
    1.81   -19.22   -18.08         1.95   -18.72   -16.26     1.896
  -19.10    10.58   -25.91       -20.05    11.88   -24.03     2.476
   -4.92    13.35     2.82        -4.09    12.84     4.12     1.620
   30.38    11.09    12.90        31.76    13.45    13.11     2.737
   -8.28    -3.81    39.00        -5.89    -2.54    37.35     3.170
    6.01     7.71    62.19         6.00     6.17    63.20     1.835
   -4.68     2.45   -27.61        -4.13     1.52   -28.67     1.520
  -39.88     1.06   -24.01       -39.67     2.39   -23.46     1.448
   12.07    14.20   -14.54        13.71    16.20   -14.76     2.592
  -32.12   -12.92   -48.95       -29.94   -12.56   -47.20     2.812
    6.17    -6.68    43.71         4.83    -6.99    43.93     1.393
  -22.52     6.79   -19.14       -23.28     8.50   -17.39     2.563
   -3.50    -6.92    59.72        -2.26    -5.40    58.23     2.464
    1.73    23.43    11.56         1.94    23.44    13.10     1.552
   -8.52    -3.42    61.74        -5.65    -1.47    62.04     3.481
  -26.69   -31.19   -18.02       -25.91   -30.96   -16.96     1.335
   23.67    22.21   -19.46        23.86    24.55   -17.94     2.793
   16.17    -6.85    21.87        16.89    -6.63    20.78     1.326
    8.89    19.25   -11.45         9.76    19.25   -10.57     1.241
   -4.00    -3.68   -34.42        -3.72    -2.86   -34.68     0.910
   -8.35   -26.41   -17.98        -8.16   -27.21   -18.45     0.944
   20.44   -13.67   -20.95        21.26   -13.41   -20.76     0.878
   14.73    -6.77    24.24        16.76    -6.32    23.87     2.116
   20.01    -6.58    17.18        20.70    -6.35    16.69     0.877
   -6.17     6.83   -19.09        -8.85     8.39   -18.43     3.170
   20.25    23.34   -20.13        19.71    25.59   -21.58     2.735
   -9.51    17.63    40.51        -9.63    17.30    38.57     1.974
  -33.21     0.08   -43.62       -33.67     0.04   -42.11     1.578
   17.60    10.07    51.68        21.97    11.28    50.75     4.633
   -0.91   -16.06   -35.84        -0.46   -15.73   -35.24     0.821
   19.88    -7.09    15.35        20.70    -6.35    16.69     1.738
    9.43    -1.80    62.65         8.90    -1.08    63.38     1.150
   -5.89    -5.72    61.77        -4.37    -3.33    62.59     2.953
   -3.65    -9.48   -41.37        -3.72    -9.65   -41.00     0.420
    7.21    19.63    -8.57         8.49    19.42    -8.46     1.296
   16.67     9.01    58.09        21.55     9.53    57.60     4.938
    2.56    -1.39    62.61         2.02    -1.40    63.33     0.898
   23.12    22.05   -21.36        23.07    23.99   -21.75     1.974
    3.50    11.99    62.23         5.32    13.62    63.08     2.579
    0.48    -7.53    34.53         0.06    -7.44    33.40     1.204