200, pa4-G-Output.txt
   15.13   -13.63   -14.63        16.46   -15.37   -15.36     2.304
   26.02    -2.40    20.55        26.03    -3.33    20.76     0.954
    7.48   -11.65   -19.77         7.92   -12.01   -21.60     1.906
   18.94   -15.03   -13.56        19.88   -16.04   -15.79     2.624
  -35.42     7.33   -33.83       -33.82     6.11   -34.46     2.108
   -4.08    19.03    44.84        -3.49    18.34    43.77     1.402
   12.10     8.56    64.02        12.80     9.88    63.12     1.746
   28.71     5.17   -28.70        27.47     5.42   -29.93     1.760
   25.58   -11.92   -16.51        27.70   -12.53   -15.26     2.535
   12.36    19.14   -23.33        10.96    18.85   -24.99     2.187
   29.99    17.31    13.89        29.40    17.62    12.93     1.169
   35.41     2.87   -19.19        35.95     2.82   -17.60     1.674
   -5.96    -3.18    63.12        -4.37    -3.33    62.59     1.690
   12.09   -15.49    -7.96        11.88   -16.81    -8.14     1.348
  -30.05    -7.87   -47.88       -30.63    -8.92   -47.40     1.297
   20.68     2.03    46.32        22.30     2.35    46.66     1.685
   14.70    -4.21    52.43        16.30    -4.61    51.02     2.167
  -39.49   -11.65   -36.12       -39.96   -12.45   -36.96     1.250
   -7.44    -1.01    39.15        -5.64    -1.83    40.53     2.407
  -37.52    -8.26   -42.78       -37.01    -9.16   -43.25     1.133
  -18.23   -22.04   -10.43       -16.50   -23.18    -9.38     2.316
   27.71    -6.77   -22.87        27.07    -9.15   -23.46     2.538
   -8.87     5.12    53.09        -7.11     6.25    52.57     2.157
   -8.74    13.14    10.02        -7.83    13.51    10.77     1.235
   11.79    -5.65    35.05        12.85    -6.02    36.59     1.906
   14.53    15.24   -16.67        13.71    16.20   -14.76     2.283
  -13.83    -0.63   -47.34       -13.07    -2.47   -46.64     2.111
  -26.60   -29.61   -23.75       -26.55   -32.40   -23.49     2.807
   36.46     4.14   -15.30        36.99     3.22   -14.96     1.115
  -17.30    14.15   -31.67       -16.64    11.46   -31.45     2.779
   -2.55   -21.44   -23.33        -2.20   -23.35   -24.86     2.472
   16.05    24.07   -27.62        15.98    24.07   -26.31     1.311
   -6.60    -7.36    17.10        -6.96    -6.77    18.88     1.902
  -34.97     1.74   -42.39       -33.67     0.04   -42.11     2.153
   14.42    20.56    47.95        13.96    21.98    47.72     1.512
    5.95    23.46    29.94         4.80    22.55    30.20     1.491
   -8.54    -4.84    19.96        -8.53    -4.86    18.28     1.678
   12.09     6.11   -17.25        13.74     4.46   -18.35     2.587
   -8.55     8.66    55.56        -6.47     9.17    55.19     2.178
   28.89    22.94    -2.84        28.80    21.94    -0.62     2.434
  -41.92   -12.22   -19.95       -42.85   -12.45   -19.87     0.957
   -9.19    12.89    40.47        -8.02    13.52    39.95     1.432
  -35.00     4.99   -15.27       -34.61     4.74   -15.95     0.817
  -38.31   -18.11   -36.15       -38.86   -19.98   -35.89     1.963
   23.54     5.97    37.16        24.88     5.99    36.36     1.556
   27.44   -11.03   -12.87        27.23   -12.55   -12.06     1.736
  -10.01    20.05    38.58       -10.31    20.26    36.81     1.813
  -23.77   -23.52   -11.42       -23.47   -23.31    -8.27     3.169
  -28.66    12.72   -29.78       -27.40    10.48   -30.54     2.684
   -4.41    25.07    20.56        -4.72    24.11    20.23     1.064
   23.51    25.93     3.43        23.88    24.43     5.10     2.273
   15.77    14.57    63.40        17.05    13.71    63.21     1.559
   37.71     0.51     1.37        37.88    -0.92     1.83     1.513
    3.63     1.42   -22.88         2.19     1.26   -22.97     1.457
  -15.47   -11.50    -3.65       -17.84   -10.17    -2.47     2.966
   22.24     5.78    43.13        23.61     6.35    43.90     1.673
   14.99    -4.79    43.09        16.42    -5.08    43.73     1.595
  -10.30     9.88     6.54        -8.58    10.03     6.53     1.727
  -14.34   -28.68   -22.77       -13.67   -31.32   -23.97     2.973
   17.18    -3.86    38.89        16.42    -5.28    40.52     2.291
   -8.52     3.17    33.55        -7.23     4.95    34.60     2.437
   -2.20    -0.97    63.59        -1.79    -1.23    63.42     0.503
   38.55     8.81    -7.60        38.39     9.74    -6.55     1.407
  -13.72   -20.78   -44.25       -11.87   -19.81   -44.50     2.099
   -4.76    -5.10    36.28        -4.90    -4.00    37.37     1.550
   -3.06    16.78    55.57        -4.01    14.32    55.63     2.642
   -2.57    -2.04   -32.77        -2.95    -3.16   -30.93     2.181
   -6.43   -11.57   -43.97        -6.08   -12.73   -43.35     1.364
  -11.27   -17.56    -8.93       -12.61   -19.22    -8.22     2.248
   -3.62    19.47    10.53        -2.42    18.95     9.73     1.536
   36.02    14.93    -0.62        36.23    13.85    -2.20     1.923
  -15.77    13.72    22.28       -16.11    14.36    21.23     1.280
   19.60    24.39    16.20        20.13    23.14    16.76     1.471
   12.17    26.15    -6.97        12.76    25.97    -6.25     0.948
  -27.93   -28.84   -22.77       -30.99   -30.14   -23.00     3.334
   27.17    21.59    12.78        27.86    20.22    12.14     1.661
   38.22     2.83   -11.43        38.91     2.99   -11.35     0.704
  -16.72   -17.81   -47.02       -16.45   -16.70   -47.41     1.205
  -23.72   -12.53   -48.93       -23.98   -12.60   -48.63     0.405
  -33.44     7.19   -16.24       -31.64     6.63   -16.42     1.890
   28.01    -0.91    19.50        28.68    -1.17    19.18     0.786
   21.81    -7.15     8.59        20.43    -8.18     9.68     2.034
  -12.80    24.97    28.45       -13.40    23.38    28.08     1.738
   -4.53    15.28    60.15        -3.70    14.29    58.46     2.132
    1.51     0.19   -24.89         0.76     0.91   -24.62     1.080
   17.94   -14.16    -3.06        19.77   -14.17    -2.67     1.874
  -27.98    11.24   -18.53       -26.89    10.55   -20.38     2.255
    7.07    -6.40    63.75         8.78    -6.88    63.42     1.809
    7.92    27.00     6.97         8.90    26.11     6.59     1.369
   30.48     1.51   -26.30        31.13     2.13   -26.95     1.103
   26.38   -11.55   -16.06        27.70   -12.53   -15.26     1.821
  -21.96    14.35   -22.78       -23.53    11.90   -23.95     3.134
  -30.17     8.87   -38.44       -30.33     6.76   -37.36     2.374
  -38.57    -7.82   -41.53       -39.44    -9.38   -40.52     2.054
   -9.08    21.37    37.92       -10.31    20.26    36.81     1.995
   -4.62    16.14     8.25        -3.74    15.34     7.89     1.247
    3.63    -5.71   -25.38         3.66    -5.84   -24.92     0.483
   18.21    -6.68   -21.90        17.55    -5.77   -22.72     1.391
  -34.04     6.59   -37.82       -33.65     5.03   -36.92     1.845
   18.06    24.16    19.05        17.13    23.88    17.61     1.732
  -39.92   -14.61   -33.75       -40.09   -15.06   -32.99     0.897
  -17.29    14.48   -28.95       -16.67    12.09   -27.80     2.724
  -33.85   -24.10   -35.54       -33.54   -26.68   -36.01     2.638
   15.76     7.83   -18.93        15.87     8.48   -19.46     0.847
   20.78     5.17    50.06        22.67     6.32    49.97     2.214
  -35.43     8.74   -23.89       -33.58     8.05   -23.49     2.012
  -10.92   -23.66   -39.98       -10.66   -25.31   -40.14     1.679
    3.95    -7.21    24.69         4.80    -7.89    25.80     1.547
   39.63     2.75    -4.50        40.66     2.93    -5.55     1.479
    2.69    20.53    44.71         2.63    19.71    45.52     1.161
   -9.25    14.96    12.52        -8.76    14.42    12.75     0.759
   17.63    27.63     6.22        16.82    26.63     5.99     1.308
   11.19    20.99    54.45         9.10    20.75    55.24     2.248
  -42.28     0.17   -27.91       -41.23    -0.15   -30.10     2.457
  -32.30     8.60   -36.69       -30.48     7.32   -35.72     2.422
  -20.61   -27.21   -38.69       -20.02   -28.99   -39.36     1.989
   29.38    -2.61   -25.02        30.02    -4.90   -26.18     2.639
   37.38    13.29    -2.51        37.62    12.53    -2.38     0.808
  -19.62    -9.64   -49.42       -20.05    -9.16   -49.00     0.771
  -21.75    10.28   -17.12       -23.28     8.50   -17.39     2.362
   10.00    22.82    34.24         9.95    22.26    33.03     1.331
   -7.81    -0.57    57.13        -6.52     1.61    55.62     2.949
   16.63     9.95   -20.17        15.87     8.48   -19.46     1.799
   13.42   -14.47   -11.86        13.16   -15.66   -12.82     1.552
  -14.84   -28.90   -31.91       -15.05   -31.46   -31.01     2.723
  -30.86     9.76   -17.57       -30.60     8.82   -19.28     1.963
  -16.51    -5.46     0.50       -16.64    -6.58     0.63     1.144
    1.72    19.29    52.83         0.35    18.09    52.86     1.824
  -29.42   -27.67   -20.77       -30.07   -30.06   -19.88     2.631
   37.49    10.92     8.65        36.75    12.61     7.78     2.036
   16.69    -5.52   -21.60        17.55    -5.77   -22.72     1.425
  -36.08     0.62   -41.77       -35.61    -1.63   -42.11     2.326
  -23.93     6.65   -43.55       -23.70     5.74   -41.67     2.092
   34.24    -4.79   -13.23        34.63    -5.69   -11.78     1.753
   31.19     8.79    17.05        31.38     9.59    16.52     0.983
    4.18    -2.45    63.73         5.53    -0.98    63.32     2.041
  -20.89   -25.86   -13.56       -20.14   -27.30   -11.68     2.476
   16.13    -4.46    39.04        16.42    -5.28    40.52     1.721
   -2.38    -9.55    12.95        -2.11   -10.84    11.27     2.131
   -2.46    -5.80    51.05        -2.26    -5.25    52.52     1.580
    9.93   -12.70   -16.46         9.44   -13.87   -18.08     2.059
   -1.72    20.33    43.34        -1.42    19.34    43.87     1.157
   12.82     7.30   -16.20        12.36     8.77   -13.83     2.821
  -35.55    -8.01   -45.28       -33.64    -9.13   -46.13     2.376
  -21.44   -13.88   -48.81       -20.40   -12.62   -49.39     1.736
   31.37     9.80   -26.38        30.89     9.07   -27.59     1.492
    9.69    -6.17    45.71         8.97    -6.72    47.34     1.869
  -16.82     1.93   -47.17       -16.52     1.63   -45.33     1.891
   18.31    -7.34    11.16        19.85    -7.47    13.06     2.449
  -11.95   -23.57   -14.08       -11.55   -24.73   -12.10     2.332
   31.74    19.93   -15.29        30.52    19.98   -16.86     1.991
   -3.34   -17.52   -38.00        -2.84   -18.16   -38.09     0.822
    4.81    -6.93    25.06         4.80    -7.89    25.80     1.209
  -35.68   -15.66   -11.61       -36.68   -15.55   -10.20     1.734
   31.06    -5.59   -21.61        32.30    -6.39   -21.95     1.514
   38.91     4.95     7.90        39.65     5.75     6.27     1.960
  -38.98   -11.75   -39.21       -39.38   -12.49   -39.75     1.002
   27.51   -10.92   -11.92        27.23   -12.55   -12.06     1.664
   33.04    17.70     8.40        33.87    15.37     8.53     2.473
   -2.89    20.11    42.72        -3.12    19.23    41.97     1.178
   -3.94    -8.15   -42.04        -3.72    -9.65   -41.00     1.839
  -12.31   -15.23   -46.58       -13.53   -16.41   -47.26     1.820
  -11.54    19.22    37.90       -10.31    20.26    36.81     1.944
  -15.40     5.17    -4.85       -12.89     5.33    -5.32     2.558
   -0.10     1.23   -25.86        -0.92     1.44   -24.95     1.242
    1.12    -5.89    63.64         1.61    -4.98    63.50     1.046
   -1.19    -6.25   -36.81        -2.56    -5.47   -36.61     1.590
  -40.69   -11.63   -31.62       -40.34   -12.85   -30.59     1.639
   27.17     2.14   -28.15        27.65     2.38   -30.49     2.409
  -22.23    10.75   -39.23       -23.79     8.52   -37.99     2.992
   35.34    14.97   -12.62        34.54    15.43   -13.72     1.434
   33.73    -3.75    -5.61        34.30    -4.41    -4.90     1.123
  -17.24    17.26    22.61       -16.43    16.48    21.02     1.941
   -8.56   -17.66    -9.21        -9.23   -19.65    -8.55     2.201
   20.68     4.61   -24.78        19.07     4.77   -25.01     1.633
  -38.47     2.29   -37.01       -37.01     1.76   -37.37     1.598
   -5.47   -20.14   -14.26        -4.15   -21.30   -13.78     1.824
   31.53    -6.47    -1.33        32.61    -6.59    -1.16     1.102
  -42.08   -14.42   -29.90       -41.83   -16.14   -29.90     1.743
   31.24    19.88   -17.30        30.52    19.98   -16.86     0.847
   22.76    18.23    26.92        23.91    16.78    26.71     1.863
   -0.43    23.06    12.76         1.94    23.44    13.10     2.419
   -5.57   -24.64   -26.35        -5.45   -26.86   -26.46     2.234
    0.80    18.34    59.66         0.85    17.71    58.44     1.377
   36.66    14.09     6.08        36.31    14.44     5.20     1.012
  -34.46     9.51   -30.08       -33.59     7.61   -30.88     2.233
    0.39    -9.85   -32.00        -0.43   -11.34   -32.80     1.876
  -10.36    16.60    14.49        -9.21    16.66    14.30     1.167
    7.10    -7.08    63.06         8.35    -7.41    61.95     1.700
   19.27    27.78    -3.28        19.66    26.77    -2.21     1.522
    0.68    -8.71    19.24         1.75    -9.84    18.44     1.754
  -13.35    -7.31   -48.59       -12.98    -6.09   -47.71     1.550
   35.73     2.40   -17.94        35.95     2.82   -17.60     0.586
  -12.32     5.77   -42.91       -13.13     4.84   -41.47     1.894
  -38.15   -20.16   -33.61       -39.98   -20.27   -32.72     2.034
   -2.26    17.62    54.43        -1.82    16.78    52.24     2.389
  -11.73   -27.75   -23.21        -9.66   -29.25   -23.11     2.554
   24.22    13.73    29.95        24.94    13.27    30.13     0.868
   34.48    14.88   -15.22        34.54    15.43   -13.72     1.608
   21.20    17.36    33.70        21.73    17.14    33.89     0.600