200, pa4-F-Output.txt
   -7.75   -15.67   -46.68        -9.70   -12.72   -46.56     1.815
   -0.96   -21.99   -36.71        -2.13   -19.14   -35.98     1.690
  -11.36   -29.63   -40.00       -13.14   -27.66   -38.87     1.403
  -14.56   -33.72   -34.04       -17.07   -31.39   -33.93     1.910
   34.55    14.00   -10.43        34.63    16.17   -10.18     1.382
   18.16    22.47   -20.55        17.12    25.30   -21.34     1.885
   23.62    17.86   -25.82        23.65    18.81   -27.06     0.926
   16.66    17.35    43.78        19.18    18.45    41.48     2.496
  -28.28     7.11   -31.37       -27.40    10.48   -30.54     2.288
   -9.19     5.93    44.99        -6.95     6.15    46.51     2.095
   -6.74     5.68    62.93        -5.43     6.20    63.32     0.563
  -28.99   -15.32    -7.26       -27.98   -13.20    -6.04     1.492
   -2.81   -21.95   -10.90        -1.99   -19.28   -11.62     1.887
  -11.52    -6.91     9.39        -9.71    -6.50    10.52     2.038
  -37.49   -17.37   -13.22       -37.62   -16.70   -11.98     0.855
    2.82   -16.26   -26.26         1.36   -16.22   -26.50     1.391
    1.90     8.45    -9.19         2.03    10.88    -9.14     1.148
   11.51    24.96     3.49        12.67    27.64     2.20     2.037
   -9.52   -32.66   -27.32        -9.14   -29.50   -26.62     2.124
  -14.93   -13.77    -2.50       -13.04   -12.76    -1.85     2.018
   -3.04    16.79    57.54        -1.42    16.32    58.63     1.749
   -6.83    -6.80    27.57        -7.64    -3.11    26.40     3.067
    4.84     1.16    63.63         5.92     2.89    63.39     0.666
   -0.89   -21.23   -10.66        -1.99   -19.28   -11.62     1.400
  -40.65   -13.32   -17.97       -42.14   -12.67   -17.77     1.280
   35.97    -5.44   -17.20        35.77    -3.74   -16.68     1.342
  -37.50   -10.13   -12.38       -38.26    -8.91   -11.01     0.890
   14.42    12.02   -22.15        15.38    12.40   -20.74     1.747
  -38.46   -22.34   -34.61       -39.98   -20.27   -32.72     1.483
    4.49   -20.21   -15.58         1.95   -18.72   -16.26     2.240
   37.44     3.02   -14.76        36.99     3.22   -14.96     0.527
   -4.44   -13.14     5.80        -5.77   -11.26     5.09     1.714
    2.98    12.53    -3.45         1.76    12.53    -5.48     2.364
   36.69    -2.09    10.94        36.60    -0.07    10.22     1.057
    1.57    -2.07   -24.65         2.17    -2.47   -24.57     0.725
   -3.09    -3.07   -32.90        -3.72    -2.86   -34.68     1.902
   -5.74    -5.23    48.87        -4.31    -3.49    49.82     1.084
  -30.38     4.81   -18.49       -31.64     6.63   -16.42     1.786
  -26.23     8.55   -26.42       -26.47    11.70   -26.63     1.796
  -21.19    -1.63   -46.29       -20.33    -1.74   -47.15     1.222
  -10.65    12.14    37.55       -10.32    13.64    36.62     1.274
  -14.24   -15.25   -49.01       -14.77   -13.20   -48.55     0.745
   36.12     9.23     9.94        34.91     9.75    10.62     1.479
   -7.95   -11.74     6.30        -5.96   -10.44     7.35     2.078
    9.19    22.73    18.87         9.27    24.55    17.98     1.122
   10.42   -11.24    13.88         9.35    -9.64    13.78     1.375
   33.97    14.38     1.06        34.82    16.32     1.77     1.731
  -19.95   -32.75   -16.31       -20.29   -30.33   -15.97     0.971
  -26.17     8.42   -23.29       -26.72    11.36   -23.42     1.601
   -1.23     8.48    -6.29        -0.36    10.45    -7.97     2.033
  -30.38   -32.07   -33.25       -30.80   -29.76   -32.57     0.840
  -38.28   -13.98   -35.94       -39.44   -12.74   -33.83     1.489
    7.69     5.69   -14.56         8.62     5.78   -14.34     1.466
    1.20   -19.19   -33.70         0.00   -16.23   -33.31     1.728
   25.83     2.17    28.42        26.60     2.77    28.44     0.595
  -21.50     9.29   -31.69       -23.12    11.69   -31.07     1.453
   12.59    23.21    -6.58        12.46    25.25    -8.03     1.513
    3.52    -9.44   -25.73         1.77    -8.81   -26.97     1.786
  -20.33   -13.66   -50.26       -20.40   -12.62   -49.39     0.948
   12.16   -12.82     9.26        13.25   -10.02    10.37     2.303
  -38.51   -13.45   -38.65       -39.96   -12.45   -36.96     1.315
  -37.71   -19.48   -14.78       -37.73   -20.35   -15.04     0.899
   -5.09   -13.03     6.40        -5.77   -11.26     5.09     1.651
   28.73     9.67    19.52        29.45     9.68    20.01     0.874
   38.01     2.67     9.88        37.39     2.49     9.61     0.706
   22.62    23.17    -0.03        23.44    25.00     1.18     1.833
  -32.54     2.05   -37.71       -33.50     3.62   -38.39     1.311
   -2.06    14.50    62.41        -3.29    14.36    62.00     1.307
   32.18    13.31   -20.67        32.87    14.11   -20.35     1.101
   16.36    -5.48    38.42        16.64    -5.34    37.14     1.166
  -14.30    20.78    19.55       -14.36    20.68    21.04     1.496
   -9.97    -0.46    23.64        -9.14     0.27    22.42     1.413
    2.64    -1.71   -23.68         2.38    -0.57   -23.68     0.218
  -23.44   -33.73   -18.82       -23.34   -32.07   -20.68     2.205
  -13.40     2.35   -42.61       -13.13     4.84   -41.47     1.673
   37.40    -3.62     0.82        35.91    -2.59    -1.73     2.376
  -31.84   -28.23   -16.24       -32.68   -27.24   -16.70     0.968
  -27.57     3.15   -40.48       -27.15     5.35   -40.88     1.599
    7.08    19.16    -3.03         6.39    19.70    -4.64     1.687
   34.18    14.21    -3.59        34.24    15.90    -2.41     1.868
  -13.79    -9.39     3.10       -13.48    -9.80     1.48     1.698
  -40.53   -20.08   -22.14       -41.16   -19.85   -22.23     0.680
   -8.73   -24.30   -10.60        -9.23   -23.38   -12.28     1.710
   10.21   -18.47    -9.69         9.22   -16.15    -8.38     2.012
   15.08    21.46    25.37        17.18    22.88    23.81     1.929
  -42.03    -7.27   -22.27       -43.54    -5.43   -21.03     1.195
   38.15     4.33   -10.24        38.06     6.41   -11.40     1.114
   -3.16   -11.51   -42.36        -3.72    -9.65   -41.00     1.413
   11.61    17.44    62.64        13.36    17.37    63.06     1.279
   18.20    11.55   -29.74        16.09    12.37   -29.03     1.933
   35.05    -1.79    12.97        34.75    -0.96    12.05     0.598
   11.65   -12.19    10.82        13.25   -10.02    10.37     1.722
    2.11    -8.60    29.90         0.49    -7.72    30.09     1.854
   28.80    19.40   -12.32        30.68    20.49   -13.34     1.979
   18.53     8.14    59.76        21.09    10.05    60.70     2.006
  -11.68   -33.15   -32.76       -12.28   -30.55   -30.85     2.097
   -0.54    11.72    -0.70        -1.30    13.44     0.10     1.216
  -23.73   -26.91   -10.30       -24.05   -27.22   -11.95     1.705
  -34.39   -12.03   -44.84       -35.70   -12.39   -45.15     1.390
   26.90    11.78   -27.34        27.16    14.76   -27.60     1.935
   -8.38    -0.58    44.46        -6.45     1.31    44.21     1.242
    6.23   -18.75    -9.03         6.03   -15.99    -7.57     2.199
   20.72    -6.46    23.94        20.04    -5.89    23.09     1.117
    6.90   -17.79    -3.43         5.48   -15.42    -4.80     2.096
   -6.51     3.33   -32.41        -6.92     4.65   -33.54     1.244
  -18.38     4.38   -15.82       -17.31     6.94   -14.16     2.123
  -15.84     4.07   -14.06       -17.23     5.33   -12.47     1.732
   18.30    -7.71    22.51        20.04    -5.89    23.09     1.741
   23.62    22.92    -2.72        24.36    24.87    -2.17     1.382
  -13.96   -16.72   -48.70       -13.53   -16.41   -47.26     1.535
   -6.48    -3.71    63.23        -4.37    -3.33    62.59     1.369
  -39.44    -2.02   -31.00       -41.23    -0.15   -30.10     1.264
   25.89    -8.01   -24.51        27.07    -9.15   -23.46     1.947
   21.49     9.27    43.37        23.39     9.95    43.55     1.156
  -41.97   -16.21   -23.29       -42.74   -15.68   -22.03     0.961
   14.73   -13.01     7.50        13.05   -11.48     6.20     2.062
   31.08     4.38   -27.61        31.29     5.93   -27.43     1.077
    1.99   -11.72    17.56         1.75    -9.84    18.44     1.264
  -13.67     8.95    27.02       -14.47    11.33    25.39     2.621
  -36.11   -19.16   -11.99       -36.37   -18.68   -11.44     0.471
  -19.79     7.83   -20.35       -20.36     8.31   -17.33     2.782
   21.38    -1.34    37.10        23.31    -0.40    35.67     1.525
    1.61   -17.12   -31.54         0.13   -16.28   -30.02     1.837
  -37.95   -26.37   -27.01       -36.53   -26.46   -26.42     1.539
   -8.11    -1.57    39.12        -6.51     0.98    37.91     2.026
   -4.54   -20.30   -41.98        -6.23   -19.67   -41.26     1.297
   16.65    -7.57    23.64        16.76    -6.32    23.87     0.657
   19.55     2.53    51.56        21.85     2.91    51.50     1.421
   -0.56    -7.25    46.81         1.13    -6.74    48.25     1.761
   -2.35    -7.56    35.51        -2.68    -6.45    34.50     1.308
  -20.97   -17.03    -6.30       -20.79   -16.48    -6.11     0.457
  -18.58   -31.89   -15.16       -20.29   -30.33   -15.97     1.685
    0.15   -18.45   -36.33        -1.36   -17.77   -35.43     1.366
   28.51     2.54    21.69        28.52     2.00    22.35     0.852
  -37.15   -27.08   -26.24       -36.53   -26.46   -26.42     0.897
   15.31    20.87   -17.83        14.89    24.04   -17.44     2.058
   -4.28    -5.81    62.64        -2.37    -5.41    62.15     1.126
   12.86    22.08    -9.69        12.01    23.99    -9.96     1.064
    8.88    20.45    55.01         9.10    20.75    55.24     0.434
  -29.55   -16.16   -47.65       -29.96   -16.39   -47.11     0.716
   36.69    -2.40    10.92        35.94    -2.06     9.92     1.087
    2.23    18.95    53.01         4.34    19.48    51.52     1.829
  -10.01    15.08    38.86        -9.63    17.30    38.57     1.206
  -26.28   -29.92   -13.39       -27.22   -28.06   -13.40     0.821
   12.26    -6.58    42.42        13.24    -6.28    40.52     1.762
   -6.21    -4.34    40.68        -5.64    -1.83    40.53     1.320
  -12.84     9.45    15.98       -12.50    12.26    17.49     1.925
  -33.41   -24.17   -12.71       -33.71   -22.94   -12.34     0.184
  -11.96     5.75    21.62       -12.07     9.08    21.29     2.180
   32.55    16.07     1.70        34.82    16.32     1.77     2.282
   39.56     2.16     4.65        39.38     2.67     5.91     1.372
    3.43   -20.16   -10.87         2.14   -18.69   -12.68     1.974
  -12.36    22.19    20.28       -12.89    23.12    20.92     0.927
   18.72    18.21   -28.76        18.71    18.79   -30.00     1.146
   36.57    -5.00   -15.83        35.77    -3.74   -16.68     0.542
   12.58    23.17    -6.53        12.46    25.25    -8.03     1.579
   -5.95    22.16    32.16        -6.31    24.32    31.84     1.550
   22.39    12.79   -29.91        20.50    12.23   -31.34     2.361
  -32.80   -30.53   -33.21       -32.56   -28.77   -32.41     1.043
   30.15    11.88   -24.61        30.22    12.04   -26.75     1.906
    7.21    19.17    60.89         9.36    20.76    58.73     2.246
   -6.97   -11.35     9.30        -6.02    -9.45    10.94     1.801
   -9.92     5.08    56.47        -7.14     6.03    56.22     1.656
  -17.18    15.22    19.45       -16.43    16.48    21.02     1.215
   -3.08    -4.27   -37.97        -3.56    -3.11   -37.22     0.747
   -7.05    -3.30    52.09        -5.55    -1.19    52.76     1.120
   38.97    -0.70   -10.31        38.86     0.25   -11.08     0.097
  -13.26     2.84    -1.44       -13.04     5.02    -0.89     0.860
   24.29    10.22    30.20        24.94    13.27    30.13     2.024
   24.87   -16.96    -9.32        23.30   -15.61   -12.06     2.611
   40.02     4.84    -3.02        40.53     5.82    -3.76     0.472
   29.83    -7.59   -24.33        30.01    -6.99   -24.00     0.706
   -1.83    17.48    55.47         0.60    17.99    55.53     1.342
  -20.43    -4.50   -48.16       -20.02    -5.17   -48.66     0.928
   -0.69     0.48   -24.63        -0.92     1.44   -24.95     0.323
  -38.21   -23.63   -18.71       -38.31   -22.90   -19.03     0.797
   20.68     3.63    47.13        23.03     6.19    46.89     2.020
   37.81    -2.69     4.17        37.88    -0.92     1.83     1.769
   -7.50     5.86   -18.68        -8.85     8.39   -18.43     1.574
   32.08     4.54   -26.67        31.29     5.93   -27.43     0.439
   38.40    -0.74     8.89        38.09     0.99     8.37     0.874
  -42.10   -11.37   -21.97       -43.52    -8.91   -21.63     1.392
    1.41    -8.01    35.81         0.62    -6.99    36.01     1.306
   11.69    -5.36    59.17        12.80    -5.96    58.27     1.458
   21.14     1.88   -25.68        21.65     1.92   -27.21     1.610
   -7.97    11.79    55.82        -5.08    12.48    58.37     2.937
   18.58    10.00   -29.36        19.72     8.63   -28.57     1.952
  -17.99     3.30   -14.46       -17.23     5.33   -12.47     1.975
  -29.07   -24.08    -9.27       -30.57   -22.27    -9.21     1.352
   13.16    -7.96    26.25        12.78    -6.47    26.72     1.196
   36.08     8.89   -14.21        36.55     9.53   -12.98     1.468
  -10.44    -0.83    20.87        -9.14     0.27    22.42     1.592
  -17.17   -34.29   -33.93       -17.07   -31.39   -33.93     1.716
  -36.89     1.80   -28.08       -38.44     4.12   -26.31     1.658
   10.33    -5.76   -21.34         9.35    -5.64   -22.20     1.222
   18.79    -6.85    25.66        20.18    -5.19    25.97     1.226
    2.32    22.24    12.85         1.94    23.44    13.10     0.716
  -35.46   -10.34   -10.23       -36.72    -9.01    -8.76     1.324
   -8.74    -0.62    56.96        -6.52     1.61    55.62     2.086
   30.21     9.38   -26.40        30.89     9.07   -27.59     1.402