200, pa4-H-Output.txt
  -37.90     0.03   -24.75       -39.67     2.39   -23.46     3.226
    8.17     9.70    61.18         8.96     9.59    63.20     2.174
   23.17   -13.11   -24.55        23.62   -11.98   -21.38     3.393
   31.52     6.75    15.67        31.73     6.01    16.51     1.139
   37.45     7.56     6.63        38.74     9.90     6.15     2.718
   -9.95   -19.83    -7.93        -9.23   -19.65    -8.55     0.966
    5.92   -15.79   -24.88         4.37   -13.87   -22.79     3.234
  -34.16   -20.30   -45.11       -33.57   -19.44   -43.19     2.188
   40.30    -1.15   -11.84        38.86     0.25   -11.08     2.154
   -3.38    16.40    10.36        -4.05    16.56     9.53     1.078
  -38.74    -2.65   -20.60       -41.19    -0.87   -22.16     3.407
   29.22    17.18   -23.50        30.46    15.05   -23.49     2.463
   36.60     0.79     9.53        36.60    -0.07    10.22     1.098
    0.72   -19.08   -36.29        -1.36   -17.77   -35.43     2.604
   17.91    22.64     8.08        20.33    24.78     9.00     3.356
  -28.17   -17.34    -8.52       -27.51   -16.72    -7.29     1.528
  -20.37   -34.90   -21.23       -19.82   -32.03   -20.67     2.969
  -31.18     2.59   -39.42       -31.30     3.24   -40.70     1.439
   17.94    -6.30    55.91        16.36    -4.21    54.45     3.006
   -9.58   -29.85   -17.62        -9.55   -28.07   -19.02     2.258
   -2.13     4.57   -20.49        -0.62     5.61   -21.43     2.057
   22.28    22.64    -8.70        23.78    24.59    -9.73     2.668
   18.63    -7.35    41.83        16.42    -5.28    40.52     3.291
   20.35    23.15    -9.83        19.77    25.99   -10.00     2.911
    6.18   -17.57   -23.66         2.26   -16.93   -23.61     3.967
   29.63     4.70    20.46        29.97     5.93    19.72     1.474
   12.02    20.19    24.16        13.46    23.37    24.21     3.492
   25.32     6.69    36.42        24.88     5.99    36.36     0.826
   -2.51    -9.27   -41.77        -3.72    -9.65   -41.00     1.491
   30.40     3.19    19.05        30.29     2.53    18.79     0.714
   -8.12   -28.01   -16.41        -8.16   -27.21   -18.45     2.188
   20.45    14.21   -32.64        20.50    12.23   -31.34     2.365
   35.33    11.18     7.43        36.75    12.61     7.78     2.048
   -7.79     2.61    26.64        -8.39     1.26    25.97     1.618
   21.89    21.92   -24.23        23.12    22.27   -24.36     1.287
   37.41    -1.61     8.62        37.17    -1.77     7.84     0.836
   -3.31   -15.16   -43.25        -4.87   -16.07   -41.22     2.719
   37.57     4.21   -18.19        36.52     5.95   -17.51     2.144
  -31.80   -14.47    -9.27       -31.49   -16.30    -7.79     2.377
  -14.72     7.04   -37.35       -13.66     7.95   -38.17     1.624
   12.62    22.76     9.57        12.66    26.34    10.40     3.683
  -14.94   -18.58   -49.87       -16.45   -16.70   -47.41     3.444
   15.91   -18.01   -17.35        16.46   -15.37   -15.36     3.358
   26.22   -15.51    -5.98        24.67   -13.69    -7.65     2.919
   -7.73   -30.61   -36.23        -9.81   -27.58   -35.67     3.717
  -11.27     2.49     1.94       -13.08     4.65     3.11     3.047
  -29.28   -30.71   -17.57       -28.39   -29.85   -18.44     1.516
    0.30   -14.41     6.49         1.58   -12.01     5.74     2.817
   26.73    13.75    18.95        28.33    13.10    19.37     1.779
    1.15   -18.22   -32.58        -0.83   -19.55   -32.55     2.379
  -30.59    -9.20   -10.58       -30.96    -7.75    -7.57     3.355
   14.91    15.85    60.18        16.96    17.13    61.87     2.949
  -25.01   -26.87   -11.02       -24.05   -27.22   -11.95     1.383
   31.28   -11.96    -8.85        27.90   -10.82    -8.32     3.606
   11.01    18.58    39.24         9.10    21.64    40.45     3.805
  -34.82     0.93   -37.10       -37.01     1.76   -37.37     2.353
   -6.09     2.53    55.82        -6.52     1.61    55.62     1.034
   18.24    -0.28   -24.32        18.69     1.66   -23.51     2.152
   22.24     7.04    57.49        21.69     7.00    57.81     0.636
  -27.18   -17.75   -49.41       -27.89   -16.51   -47.13     2.687
  -40.86    -4.01   -30.22       -42.58    -2.34   -29.49     2.501
    1.36   -18.03   -31.60         0.13   -16.28   -30.02     2.666
   23.16   -13.21     0.21        22.22   -11.50    -0.71     2.162
  -41.36   -20.24   -26.02       -41.19   -20.36   -25.48     0.580
   -7.99   -13.49   -48.19        -9.70   -12.72   -46.56     2.483
   15.89    16.37    54.07        17.33    17.67    55.11     2.197
  -19.13     8.67   -34.57       -20.17    11.23   -34.49     2.766
  -24.57   -31.69   -16.19       -25.91   -30.96   -16.96     1.714
   -5.62   -24.07   -13.01        -5.85   -22.96   -14.50     1.870
   23.74   -18.68   -14.73        23.49   -15.33   -15.20     3.387
  -12.34     5.98   -19.64        -8.85     8.39   -18.43     4.414
  -29.40     3.35   -39.90       -31.30     3.24   -40.70     2.069
   -2.39   -11.11   -42.16        -3.72    -9.65   -41.00     2.299
    5.18    16.53    -1.73         5.26    16.87    -3.83     2.132
    2.38   -16.99   -29.27         0.13   -16.28   -30.02     2.478
   -5.86     6.51    42.49        -6.93     5.55    44.01     2.093
   18.59    -5.65    55.45        16.36    -4.21    54.45     2.838
   -1.28     9.80    60.61        -2.27     9.77    63.34     2.915
  -31.86     0.06   -41.65       -33.67     0.04   -42.11     1.873
  -14.57    -4.37     1.40       -15.99    -3.57     2.83     2.165
   38.39    -0.80   -16.57        37.32     0.13   -15.25     1.938
  -27.20   -31.46   -16.95       -25.91   -30.96   -16.96     1.384
   26.36     4.03   -32.30        27.65     2.38   -30.49     2.762
  -11.54   -29.05   -15.17       -10.57   -27.99   -16.60     2.031
   -5.90     1.48    48.96        -6.47     1.61    50.17     1.338
   12.61    18.06   -15.40        11.63    19.38   -15.39     1.644
  -20.99    -2.78   -11.21       -24.41    -2.19    -9.24     3.985
   29.79    -3.06   -30.49        27.55    -1.36   -28.73     3.321
  -14.41    17.78    22.17       -15.61    18.17    20.91     1.783
   22.23   -17.95    -6.54        21.38   -16.57    -8.01     2.186
   -1.69     1.90    61.36        -1.56     2.11    63.43     2.083
    1.91    -5.05   -27.60         1.71    -6.12   -26.63     1.457
   23.03    20.31    10.75        24.12    22.65    12.16     2.935
  -19.96   -34.80   -20.56       -19.82   -32.03   -20.67     2.775
   -9.55   -30.29   -39.10       -11.37   -27.81   -37.25     3.589
   -4.80     8.10    56.68        -6.47     9.17    55.19     2.482
    0.97   -17.06   -35.44        -0.46   -15.73   -35.24     1.961
  -18.58   -24.68    -9.74       -20.57   -25.71    -9.78     2.234
   28.61    19.53     3.15        30.85    20.37     2.80     2.423
   -2.88   -28.70   -27.05        -5.45   -26.86   -26.46     3.220
   39.78     5.24    -9.48        39.19     6.71    -8.39     1.919
    8.55    17.93    -7.68         7.83    16.54    -8.07     1.609
   -2.76    -2.03    61.22        -4.37    -3.33    62.59     2.476
   11.74    18.14    45.54         9.26    20.76    47.28     4.005
   10.15    -6.07   -24.09         9.35    -5.64   -22.20     2.099
   14.93    16.29   -32.60        16.64    16.36   -31.08     2.289
   33.61    13.22     7.87        33.87    15.37     8.53     2.264
   -9.90   -32.15   -35.56       -12.93   -30.02   -34.23     3.941
   -1.46    -9.52   -37.27        -1.46    -8.97   -35.75     1.617
  -17.45     9.13   -30.48       -16.64    11.46   -31.45     2.650
   35.79     0.66   -23.51        35.10    -0.45   -21.05     2.778
  -27.92   -33.29   -21.60       -26.55   -32.40   -23.49     2.496
  -14.31    14.00    17.73       -12.50    12.26    17.49     2.521
  -30.53     6.04   -31.93       -31.05     9.24   -30.83     3.418
   10.73    18.15    48.09         9.26    20.76    47.28     3.108
   -9.47   -27.24   -14.33        -9.40   -25.66   -15.15     1.783
   22.69     4.96    55.32        22.00     6.16    54.30     1.723
   -1.02    21.15    24.97        -2.53    24.23    23.91     3.591
    0.88    -4.48   -28.25         0.65    -4.76   -26.93     1.375
   25.95    -8.34    14.13        24.00    -6.38    12.46     3.230
   36.45    10.83   -15.18        36.29     8.79   -16.65     2.512
  -38.53    -3.81   -37.55       -40.19    -4.94   -37.23     2.037
    9.72    -2.04    61.23         8.90    -1.08    63.38     2.487
   17.51    14.64   -33.00        16.64    16.36   -31.08     2.726
   16.69    22.83   -11.35        16.69    25.93   -10.46     3.232
  -34.92    -0.12   -17.53       -36.53     2.02   -15.42     3.415
  -36.16   -26.84   -36.24       -33.54   -26.68   -36.01     2.641
   31.31     9.74    13.97        32.74     9.63    13.74     1.455
   19.67   -13.85     2.36        18.76   -11.60     2.62     2.442
   19.21   -20.34   -13.46        19.88   -17.55   -11.75     3.341
   -8.83   -31.75   -22.96        -9.66   -29.25   -23.11     2.633
   20.35    18.36   -29.94        18.71    18.79   -30.00     1.697
    3.54   -20.67   -23.79         0.90   -19.84   -22.57     3.018
   36.07    -2.07   -22.97        34.02    -1.40   -22.71     2.179
  -18.17     8.90   -25.57       -16.62    11.84   -24.29     3.560
  -27.24     2.82   -16.79       -26.86     4.99   -14.27     3.341
  -37.81   -21.40   -39.59       -37.12   -19.57   -39.56     1.953
   -5.53     9.48    42.28        -7.04     9.96    42.68     1.636
   14.32    17.42    55.09        17.33    17.67    55.11     3.020
   -4.37    10.83     5.83        -6.64    11.78     6.27     2.497
   36.39    -6.83   -10.45        34.63    -5.69   -11.78     2.484
   11.94    17.85    52.31        13.45    21.27    51.89     3.761
  -31.59     3.69   -19.88       -33.45     6.78   -19.29     3.652
  -34.30   -19.44   -11.46       -35.37   -19.93   -11.73     1.210
   32.04    14.04     9.27        33.87    15.37     8.53     2.381
    8.21    -3.59    61.36         8.90    -4.91    63.41     2.539
   34.53    -1.55   -25.38        34.02    -1.40   -22.71     2.723
   -5.72    -0.25    49.65        -5.35    -1.69    49.91     1.507
    4.28   -10.37    59.09         5.03    -7.42    58.21     3.165
   -4.84    21.95    23.81        -2.53    24.23    23.91     3.250
   19.81    -4.33   -25.23        21.21    -5.49   -24.55     1.946
  -15.81    -8.46    -1.22       -16.64    -6.58     0.63     2.769
   -6.23    12.00     9.73        -6.28    12.73     7.66     2.203
   15.84    10.73   -30.98        16.09    12.37   -29.03     2.563
  -11.15     4.33   -39.22        -9.42     4.73   -37.99     2.166
  -13.75     1.91   -10.82       -16.45     4.09    -9.10     3.871
   -9.50    -1.09    16.21        -9.92     0.40    18.47     2.740
  -10.76     3.02   -40.68        -9.66     1.20   -41.99     2.498
  -40.15   -20.06   -32.51       -39.98   -20.27   -32.72     0.346
   25.52    -2.91    29.88        24.16    -1.86    28.88     1.994
  -30.81   -17.11   -48.22       -29.96   -16.39   -47.11     1.582
   -8.33    11.72    11.45        -7.83    13.51    10.77     1.981
  -31.98     3.96   -35.38       -33.65     5.03   -36.92     2.512
  -12.86    11.63    16.25       -12.50    12.26    17.49     1.445
   -2.12    -8.28   -40.16        -2.09    -9.19   -38.99     1.489
   31.38     4.44   -30.42        30.05     2.44   -28.85     2.866
  -25.50     6.11   -37.59       -27.03     8.17   -37.07     2.617
   18.81     0.28   -24.83        19.82     1.63   -24.69     1.685
   21.04    -6.22    35.97        19.99    -3.79    36.04     2.652
   -4.54    21.33    19.18        -6.21    23.57    18.80     2.821
   12.27    15.14   -14.72        13.71    16.20   -14.76     1.786
   10.18    19.34    30.02         9.02    22.48    30.69     3.415
   -3.99    15.12    40.17        -6.80    17.46    41.25     3.821
   -8.18     3.88    27.07        -8.69     4.68    27.79     1.189
  -16.97   -15.73   -50.82       -16.78   -14.54   -48.42     2.689
   10.65     8.62   -13.59        12.36     8.77   -13.83     1.732
   -6.78     0.56    28.61        -7.41     0.78    30.27     1.788
    1.97   -14.27     8.75         1.47   -11.53    10.22     3.149
   23.56    12.93    31.89        24.09    13.31    33.63     1.855
   17.30    -2.58   -23.90        16.99    -1.30   -22.26     2.098
   15.94    13.03   -32.28        16.09    12.37   -29.03     3.323
  -37.41   -22.68   -17.39       -37.41   -22.49   -16.42     0.987
   12.18     5.61    61.03        12.54     6.44    62.90     2.072
    1.61    -9.64    55.60         1.74    -7.13    55.08     2.569
   14.05    12.22   -29.04        16.09    12.37   -29.03     2.047
   -6.45    22.07    23.17        -6.21    25.03    24.18     3.131
   18.66   -13.97   -21.94        21.26   -13.41   -20.76     2.905
    5.27    -4.74   -25.31         3.66    -5.84   -24.92     1.989
   35.26     2.30    10.97        36.01     2.26    11.19     0.780
   24.04    -4.45    31.84        22.25    -2.75    32.60     2.577
   11.29    -9.52    43.20         8.80    -6.66    43.62     3.814
   25.89     0.75    33.28        25.45     2.43    32.85     1.783
  -26.58   -33.82   -21.32       -26.55   -32.40   -23.49     2.586
    9.89    18.67    -9.39         9.76    19.25   -10.57     1.316
  -38.89    -2.44   -34.33       -40.26    -0.92   -34.14     2.052
  -28.03   -30.44   -15.91       -27.52   -28.93   -15.73     1.598
   30.22    -7.33   -28.09        30.02    -4.90   -26.18     3.097
   -8.75    12.10    12.02        -9.61    12.85    13.07     1.549
   -5.91     5.41    43.01        -6.93     5.55    44.01     1.438
   -0.25   -10.12    29.90         0.49    -7.72    30.09     2.517