200, pa4-K-Output.txt
    6.88    12.44    -6.49         5.15    12.31    -8.67     2.372
  -39.04   -19.32   -17.68       -39.58   -19.54   -16.99     0.897
  -15.51    -7.48     0.39       -16.64    -6.58     0.63     0.594
  -11.35   -25.81   -43.57       -13.24   -24.32   -42.63     1.206
  -10.10     3.63    16.82       -11.34     5.07    18.72     2.155
   -2.91    15.82    42.17        -3.12    19.23    41.97     1.618
  -30.87   -15.38   -46.79       -29.96   -16.39   -47.11     1.396
  -24.57   -34.41   -22.18       -26.55   -32.40   -23.49     1.867
   18.94    18.25    39.52        17.93    21.08    38.19     1.207
   20.23   -10.38    12.58        19.85    -7.47    13.06     1.634
   18.70    23.42   -11.54        16.77    25.43   -13.87     2.022
   -6.47    21.82    28.70        -6.26    24.57    29.00     1.685
  -37.93   -19.51   -15.39       -39.48   -18.10   -15.44     0.429
  -31.96     3.82   -18.66       -33.45     6.78   -19.29     1.757
   31.88     5.98    18.53        30.38     9.08    18.33     1.586
  -16.73   -14.21    -3.69       -17.83   -13.66    -4.62     1.121
   19.73     7.88   -28.16        19.72     8.63   -28.57     0.793
    4.11    16.07    54.02         4.34    19.48    51.52     2.604
   16.82    20.77   -27.53        16.06    21.90   -29.42     1.323
   27.27    -7.11    16.69        27.36    -4.87    14.57     2.162
   -9.43    -3.23    15.24       -10.17    -3.25    14.26     1.228
   -0.52    17.31    40.18        -3.27    20.23    39.87     2.151
   24.11     5.39    48.44        23.03     6.19    46.89     1.516
   -0.79    17.49    10.74        -2.42    18.95     9.73     0.832
   24.93    -7.24    20.36        24.21    -5.04    18.25     1.890
   -8.36   -25.24   -11.67        -9.23   -23.38   -12.28     0.859
  -19.35   -13.22   -49.85       -20.40   -12.62   -49.39     0.596
  -37.77   -13.16   -39.78       -39.38   -12.49   -39.75     0.537
   22.75   -12.30   -21.89        23.62   -11.98   -21.38     1.056
   -3.84    12.03    46.95        -6.13    13.88    45.46     1.798
   23.22    23.19     3.31        23.44    25.00     1.18     1.940
  -12.28     7.87    23.17       -12.07     9.08    21.29     1.911
  -26.66   -29.73   -13.71       -27.22   -28.06   -13.40     0.637
   22.01   -14.24   -20.63        21.26   -13.41   -20.76     0.171
   11.77    -9.88    56.61        12.51    -6.36    54.76     2.667
  -33.60    -1.70   -13.58       -35.39    -1.15   -12.16     1.832
  -40.50    -9.20   -18.01       -42.68    -8.79   -18.42     1.418
   25.30    11.97    31.58        24.94    13.27    30.13     1.150
  -22.20   -34.79   -31.12       -23.51   -32.74   -30.41     1.048
   -2.13    -7.33    61.12        -2.37    -5.41    62.15     1.289
  -17.28     7.53   -36.62       -19.69     9.05   -37.38     1.381
   26.07    -4.62    26.40        23.72    -3.48    24.98     1.846
   -1.61    14.21     8.40        -3.74    15.34     7.89     1.205
   -5.57   -19.53    -6.18        -7.06   -18.49    -7.54     1.404
  -41.41    -7.86   -19.83       -43.54    -5.43   -21.03     1.895
    5.06   -16.93    -2.84         5.69   -14.37    -2.00     2.180
   -9.47     7.56    14.07       -11.40     9.04    14.51     1.239
   16.22   -19.62    -9.17        16.38   -17.78    -8.82     1.240
   11.16    20.06    29.81         9.02    22.48    30.69     2.012
   -3.66    -5.05    56.39        -4.15    -3.49    55.74     0.559
   -3.62   -26.65   -34.90        -6.59   -25.62   -34.28     1.838
  -27.92    -2.69   -12.36       -27.52    -0.89   -11.79     1.483
   10.65   -10.35    61.34        10.25    -6.97    61.87     1.507
   -8.52     6.57     7.76       -11.01     6.98     6.35     2.147
   -4.66   -24.83   -13.41        -5.85   -22.96   -14.50     1.226
   18.07    -7.32    49.07        16.25    -4.81    47.35     1.794
    7.02    17.87    43.38         4.89    20.27    44.08     1.834
  -25.87     8.51   -23.17       -26.72    11.36   -23.42     1.648
   -9.72    -4.49    13.35       -10.17    -3.25    14.26     1.041
   41.17     1.37    -8.85        38.91     2.99   -11.35     2.353
    4.13    17.07     3.16         2.83    18.60     2.35     0.407
  -13.16   -26.05   -10.17       -13.72   -24.65   -11.00     0.914
   26.74    -6.67    19.97        26.03    -3.33    20.76     2.032
  -13.90   -34.15   -30.98       -15.05   -31.46   -31.01     1.577
   26.82     2.53    33.34        25.45     2.43    32.85     1.455
   40.29     6.36    -6.83        39.19     6.71    -8.39     1.398
   38.72    -0.72     9.61        38.09     0.99     8.37     0.894
   17.03    22.83   -12.71        16.77    25.43   -13.87     1.626
   18.91   -15.51     0.89        17.06   -13.98    -0.54     1.455
   15.58     1.84   -18.80        13.74     4.46   -18.35     1.769
  -23.86   -19.13    -6.84       -24.04   -20.02    -6.63     0.931
    1.85   -16.15   -33.88         0.00   -16.23   -33.31     1.480
   -5.31    -2.78    36.82        -5.89    -2.54    37.35     0.821
   34.20    -8.74     4.01        34.42    -5.11     3.26     2.491
   -4.30    -4.05    47.63        -5.63    -1.07    47.22     1.090
   -4.51   -23.44   -40.33        -6.44   -23.24   -37.95     2.613
  -13.66    -0.03    -0.10       -15.63     2.72    -1.36     1.868
   14.70    23.42    -6.54        12.46    25.25    -8.03     1.535
   24.52    17.42    21.02        25.09    18.31    20.07     1.388
   -6.57     3.12    32.31        -7.76     4.50    31.44     0.771
   19.59     1.95   -23.08        18.69     1.66   -23.51     1.041
  -14.04    17.95    24.59       -16.00    19.89    24.50     1.109
   27.04    15.80   -25.71        27.16    14.76   -27.60     2.162
   -8.55   -30.38   -35.90        -9.81   -27.58   -35.67     1.749
   -6.55     3.60    35.80        -7.23     4.95    34.60     1.024
  -40.56   -19.33   -29.13       -41.10   -20.19   -28.98     1.021
  -28.50   -21.63    -8.15       -28.92   -19.58    -7.21     1.280
   -1.34    11.91    60.04        -3.70    14.29    58.46     1.954
  -33.57     0.15   -15.21       -35.62     2.21   -14.46     1.503
   14.98    12.50   -26.95        16.09    12.37   -29.03     2.356
   -4.15    22.16    26.30        -6.12    25.02    27.18     2.080
  -14.96    -0.55    -2.55       -17.07     0.86    -1.06     2.014
   -0.16   -23.05   -34.15        -2.51   -22.40   -33.60     1.335
   -9.09     1.04    19.85        -9.92     0.40    18.47     1.739
   25.30     2.71    41.75        24.18     6.13    40.12     1.944
    9.19    22.83    13.19         9.24    25.24    14.10     1.863
   21.93    -0.95    58.95        20.71     2.08    57.87     1.223
   -6.35    -9.70    14.64        -7.49    -7.58    14.32     0.527
   16.03    18.61    42.53        17.30    20.50    41.31     2.142
   -0.98    10.90     2.25        -1.30    13.44     0.10     2.140
  -39.71    -4.13   -21.56       -42.68    -3.66   -22.05     2.034
   17.55     5.78    63.32        16.23     6.27    63.16     1.230
   28.93    20.68   -15.45        29.10    21.61   -16.27     1.018
   -0.00   -20.33   -36.46        -2.13   -19.14   -35.98     1.061
  -33.10   -16.83   -45.10       -34.42   -16.44   -44.50     0.788
   10.29    10.38    -9.84         8.58    12.52    -9.91     1.098
   11.96    18.33    47.98         9.26    20.76    47.28     1.928
   25.86    -2.30    32.47        23.75    -1.25    32.54     1.469
  -10.32     4.34    18.15       -11.34     5.07    18.72     0.949
  -35.10   -27.51   -30.96       -34.20   -27.71   -32.37     1.684
   40.60    -0.80     0.44        39.63     2.81     1.01     2.372
  -36.50     0.99   -31.26       -39.05     2.98   -29.91     2.208
  -12.58    20.20    27.13       -13.40    23.38    28.08     1.999
   39.46    -0.70     8.77        38.09     0.99     8.37     0.410
   -5.81    -0.04    58.04        -6.72     2.22    58.59     0.844
   15.85    10.53   -15.30        14.19    12.71   -15.04     1.291
   18.30    -4.15    62.31        16.30    -3.68    61.51     1.863
  -41.11   -15.99   -21.34       -42.74   -15.68   -22.03     1.269
   14.20    17.99   -29.31        13.16    18.99   -30.63     0.755
   -2.57    15.27    10.68        -4.05    16.56     9.53     0.891
   -0.54    13.63    53.65        -1.82    16.78    52.24     1.506
  -24.96   -24.30   -45.39       -27.21   -23.42   -43.74     1.859
  -40.00   -12.24   -16.73       -40.94   -12.81   -15.59     1.584
   38.94     5.69     8.51        37.18     6.07     9.60     1.918
   -1.69    -5.47    63.36        -1.45    -5.38    63.48     0.281
   -8.55   -27.71   -40.11       -10.66   -25.31   -40.14     1.635
   -3.27    -6.95    36.88        -3.33    -5.52    37.44     0.871
   -5.74     0.93    57.26        -6.72     2.22    58.59     1.539
  -36.29     1.49   -28.70       -39.05     2.98   -29.91     1.929
   -5.04     9.34    45.55        -6.65     9.96    45.77     1.338
   18.65    -8.28    29.54        16.54    -5.97    30.46     1.750
   10.34    -7.98   -22.34         9.32    -7.20   -21.53     1.015
   15.69     1.02   -19.58        13.68     0.93   -20.86     1.812
    9.89    17.65    54.07         9.10    20.75    55.24     1.999
  -11.77   -30.37   -15.89       -12.51   -27.02   -14.90     2.275
  -19.60   -30.67   -40.11       -20.02   -28.99   -39.36     1.105
  -17.58     4.88   -15.71       -17.31     6.94   -14.16     2.203
   35.61    14.41   -11.11        34.63    16.17   -10.18     1.457
  -23.89   -20.38   -47.36       -23.54   -19.82   -46.96     0.771
    6.92    -8.64    63.26         5.06    -7.54    62.46     1.534
  -25.05   -33.35   -18.38       -25.91   -30.96   -16.96     1.676
   24.53   -13.97    -1.46        23.92   -11.81    -2.47     1.145
   -5.18    -6.67    28.41        -3.07    -7.73    27.73     2.456
   40.65    -0.92    -3.59        39.38     1.67    -2.75     1.742
  -36.10    -9.73   -11.06       -38.26    -8.91   -11.01     1.197
  -38.96    -2.88   -32.18       -40.26    -0.92   -34.14     2.018
  -30.89   -29.08   -16.16       -32.68   -27.24   -16.70     1.067
   22.22     7.07    62.00        21.20     6.57    61.77     1.158
  -37.37     0.94   -25.37       -39.44     2.76   -26.06     1.222
   11.79   -12.27   -21.87         8.77   -10.75   -21.61     1.948
   28.02   -12.30     0.88        27.73   -10.61    -0.94     1.734
   25.95    19.66   -23.43        26.81    19.02   -23.99     1.216
   22.12   -16.91    -3.63        20.33   -15.72    -4.53     1.005
    3.00   -10.35    60.70         2.06    -7.25    62.05     1.825
  -34.50   -24.70   -38.06       -34.32   -23.46   -39.47     1.782
  -30.39     1.63   -39.48       -31.30     3.24   -40.70     1.203
   25.64    15.75    22.93        25.94    15.35    22.98     0.499
  -24.48    -1.52   -12.71       -27.52    -0.89   -11.79     2.348
   -7.54   -22.34    -9.05        -9.50   -21.40    -9.79     1.188
   10.61    21.84    -3.73         8.66    23.16    -5.03     1.153
  -22.19   -17.89    -6.42       -24.54   -16.92    -6.16     1.348
   17.34    -2.67   -21.65        16.99    -1.30   -22.26     0.689
   41.01     1.67     4.87        39.38     2.67     5.91     1.629
  -17.16   -33.10   -17.28       -19.84   -31.70   -17.66     1.607
   40.73     6.62     0.44        40.04     6.39     0.88     0.851
   15.20   -15.14   -17.64        16.86   -14.06   -17.17     2.035
   27.63     3.44    30.95        26.67     6.01    29.26     1.478
   31.36     2.25   -28.41        30.05     2.44   -28.85     0.897
  -29.19     3.16   -39.03       -30.45     5.43   -39.52     1.250
   12.98    22.67    13.65        12.94    25.61    12.55     1.698
   36.84    -0.96   -20.59        35.10    -0.45   -21.05     0.895
   -5.63     1.71    51.74        -6.75     2.08    52.65     1.484
   17.53   -11.28   -21.45        16.62   -10.41   -20.08     1.531
    7.18     4.93   -15.68         9.52     5.27   -16.56     2.522
   23.32    -5.69    30.90        22.25    -2.75    32.60     2.336
   -3.32    14.44    44.67        -3.49    18.34    43.77     2.081
   15.71    16.43   -30.57        16.64    16.36   -31.08     1.060
   38.01    -3.50     9.58        35.94    -2.06     9.92     1.306
   33.52    -1.76    15.39        31.10    -1.55    15.66     2.094
   11.94    -1.71   -20.70         9.85    -1.31   -21.75     1.439
   23.07     8.06    52.07        22.44     9.47    50.54     1.210
  -41.44   -18.72   -27.31       -43.22   -16.03   -27.71     1.666
   -5.26    -9.80    18.18        -4.77    -8.88    18.60     1.124
   -2.88    -5.93    58.30        -2.26    -5.40    58.23     0.823
  -17.77     4.36   -15.28       -17.31     6.94   -14.16     2.313
   14.81    16.73    60.33        14.94    18.90    58.60     1.475
   30.13    -9.35     9.14        30.37    -6.84     8.34     1.612
   11.03    22.58    14.86        10.68    25.02    14.02     1.051
  -25.48   -22.73   -46.50       -27.05   -21.42   -45.70     0.863
   -8.03     6.70   -20.94        -8.88     8.71   -22.21     1.238
  -10.96     7.81   -21.91       -11.30    10.03   -23.25     1.612
  -38.27    -5.28   -16.37       -40.64    -5.11   -15.74     1.815
   32.86    17.04     5.62        32.64    18.19     5.85     0.717
   28.15   -13.23    -1.53        27.73   -10.61    -0.94     1.560
   32.56    13.85    12.09        31.89    15.55    11.66     0.315
   -5.45     0.45    51.75        -6.75     2.08    52.65     1.278
   31.78   -13.01   -15.79        29.92   -11.22   -15.63     1.020
   -4.71    11.93     9.96        -5.24    15.12     8.99     1.765
    2.67   -15.72   -28.79         0.13   -16.28   -30.02     2.416
  -23.92   -29.73   -12.19       -24.05   -27.22   -11.95     1.517