200, pa4-C-Output.txt
   34.03    15.02   -13.18        34.54    15.43   -13.72     0.847
  -29.57   -29.86   -21.78       -30.07   -30.06   -19.88     1.326
   -1.52    23.47    28.59        -3.24    24.43    27.36     2.326
   11.16   -10.84     7.49        13.05   -11.48     6.20     2.375
  -13.45    -0.53     9.26       -12.81     0.56    10.36     1.467
  -15.65     5.04   -10.41       -16.45     4.09    -9.10     1.254
   -4.44    -0.50   -32.67        -5.52     1.13   -31.90     2.085
  -34.53   -11.16   -10.02       -34.41   -12.65    -7.85     1.576
   11.98    -6.12    31.48        12.54    -6.36    30.28     1.349
  -14.56   -21.41   -11.16       -13.54   -23.35    -9.60     1.911
   33.15    -7.49   -17.28        33.21    -7.73   -15.01     1.883
  -29.12     1.43   -46.25       -27.26     1.98   -43.99     2.479
  -31.71     8.50   -35.62       -30.48     7.32   -35.72     1.707
  -40.29    -0.51   -19.42       -41.10    -0.98   -18.63     0.917
   -7.94   -20.51   -43.70        -7.37   -19.58   -42.63     1.219
    1.23     3.23   -23.60        -0.55     3.42   -23.84     1.805
   32.90     6.97    11.26        34.38     5.29    12.81     2.301
    2.92     4.25   -21.74         1.21     4.37   -21.15     1.788
   -6.81    -8.45    15.00        -5.79    -8.79    14.96     0.926
    2.66    -3.54   -26.39         2.40    -4.16   -25.35     0.706
  -16.79   -23.73   -12.41       -16.50   -23.18    -9.38     2.375
   -4.33   -16.74   -41.75        -4.87   -16.07   -41.22     0.961
    5.52    -7.02   -25.33         5.72    -8.76   -24.09     1.742
   19.36    -1.64    40.36        21.12    -1.94    39.65     1.625
   -8.49     4.25    34.70        -7.23     4.95    34.60     1.444
   -7.89   -27.39   -25.75        -7.43   -28.24   -26.91     1.508
    7.82    -3.46    61.57         8.90    -4.91    63.41     1.653
   -1.96    19.26     6.55        -0.56    18.14     6.39     1.699
    2.37   -14.52   -26.27         1.36   -16.22   -26.50     1.989
    4.43     0.91    61.46         5.53    -0.98    63.32     1.953
   11.99    24.59    13.78        12.91    25.19    14.24     1.020
    2.37    23.56     8.85         1.24    22.02     9.30     1.893
   18.51    10.71   -31.59        20.50    12.23   -31.34     2.520
   -1.59    -6.13    52.46        -2.26    -5.25    52.52     1.104
   15.39     2.15    61.26        16.57     2.74    62.95     1.407
   -5.42    -9.21    14.00        -5.79    -8.79    14.96     1.054
  -28.47   -29.64   -37.38       -26.78   -29.69   -36.14     1.527
  -17.18   -31.31   -34.06       -17.07   -31.39   -33.93     0.186
   11.11   -17.54    -8.80        11.88   -16.81    -8.14     0.914
  -14.71   -18.39   -48.46       -13.53   -16.41   -47.26     2.487
  -22.74    10.79   -37.71       -23.26    10.17   -36.06     0.875
   -7.39   -23.62   -17.48        -7.79   -25.05   -16.01     1.605
    0.62     5.00    61.52         2.52     6.09    63.52     2.191
  -11.24     7.53   -13.37       -12.47     6.96   -11.71     1.628
  -25.73   -30.55   -20.26       -26.63   -31.26   -20.06     1.159
   23.15     3.58    34.33        24.31     2.37    36.47     2.010
   33.24     1.90   -24.59        32.42     2.25   -24.95     0.962
    6.05    11.33    61.26         5.93     9.53    63.35     2.203
   37.08     2.19   -15.00        36.99     3.22   -14.96     0.982
    1.35   -11.98     6.28         1.58   -12.01     5.74     0.591
   13.70    23.58    18.20        13.10    24.48    17.42     1.332
   19.83   -13.09    -2.68        19.77   -14.17    -2.67     1.089
   -1.87   -14.81   -38.06        -1.48   -15.89   -36.84     1.120
    6.29    -3.81   -24.66         5.86    -5.24   -23.39     1.570
   22.71   -15.79   -16.94        23.49   -15.33   -15.20     1.411
   -6.32    17.23    42.55        -6.80    17.46    41.25     1.402
   11.94    18.06   -20.76        11.66    19.39   -19.83     1.443
  -35.35     3.37   -16.88       -35.80     3.56   -16.09     0.738
  -15.82    -3.24   -49.57       -16.63    -1.90   -47.32     2.187
   21.39    14.03   -32.10        20.50    12.23   -31.34     1.958
   -2.24    -7.97   -34.05        -1.83    -8.79   -32.75     0.939
   -9.55     8.84   -22.81        -8.88     8.71   -22.21     0.640
   15.47    -1.32    59.93        16.30    -3.68    61.51     2.323
  -10.68   -10.51     0.76       -10.15   -11.66     1.80     0.895
  -11.84   -25.64   -16.58       -12.51   -27.02   -14.90     1.794
  -35.62    -8.37   -47.29       -33.64    -9.13   -46.13     2.046
   -8.51     5.34    43.36        -6.93     5.55    44.01     1.087
  -17.12   -31.39   -33.57       -17.07   -31.39   -33.93     0.370
  -15.48    -2.26     3.47       -15.99    -3.57     2.83     1.549
   -1.35   -18.12   -35.70        -1.36   -17.77   -35.43     0.447
   -0.10     9.68   -13.09        -1.20     8.91   -14.03     1.633
   19.29   -11.71     0.12        20.40   -11.14     1.78     1.464
    2.64     2.44   -23.43         2.19     1.26   -22.97     1.166
  -30.14     9.25   -35.50       -30.48     7.32   -35.72     1.975
  -22.25   -31.54   -22.15       -23.34   -32.07   -20.68     1.543
  -11.23   -20.40   -45.92       -11.44   -19.95   -45.48     0.654
  -12.99     5.95     3.92       -13.08     4.65     3.11     1.540
  -37.76    -9.75   -45.51       -37.01    -9.16   -43.25     1.731
   -6.64    -2.01    52.05        -5.55    -1.19    52.76     1.233
  -31.84   -29.48   -33.67       -30.80   -29.76   -32.57     0.806
   -7.93   -11.23     1.95        -8.05   -11.43     2.99     0.587
  -21.82     6.60   -17.37       -20.36     8.31   -17.33     2.256
   10.50    -6.10    34.19        13.01    -6.24    33.62     2.149
  -15.64     4.74   -44.84       -16.66     3.44   -43.69     1.420
  -26.60   -11.46   -50.76       -27.50   -12.73   -48.13     2.135
  -18.41   -13.17   -51.04       -20.40   -12.62   -49.39     2.229
    7.49    -6.60    51.42         8.86    -7.02    51.47     0.767
  -16.27    21.56    22.00       -15.27    20.53    22.86     0.917
   -5.40     0.52   -36.74        -5.88     0.85   -37.60     1.041
   23.15     3.78    34.44        24.31     2.37    36.47     2.044
  -14.78    11.26    21.56       -14.22    11.69    21.54     0.711
   15.10    -6.63    21.78        16.76    -6.32    23.87     1.926
   16.55   -10.74   -22.25        16.62   -10.41   -20.08     1.648
  -25.89   -17.77   -49.53       -23.79   -16.42   -48.23     2.662
   -8.64     8.47    39.23        -7.39     9.86    40.22     1.874
    4.55    24.05     5.51         4.31    22.93     4.50     1.530
   33.42    -7.28   -15.31        33.21    -7.73   -15.01     0.547
  -20.29   -22.05   -10.64       -20.49   -23.52    -8.73     1.661
   10.54   -15.38   -16.37         9.54   -14.75   -16.29     1.186
   25.19    -4.14    17.53        24.21    -5.04    18.25     1.518
  -34.92   -26.71   -21.55       -34.36   -27.87   -22.39     1.536
    6.56     9.68   -14.66         5.44     8.92   -14.15     1.356
   -9.71    -2.33    21.90        -8.70    -2.67    21.86     0.928
    0.55     2.96   -24.44        -0.55     3.42   -23.84     1.296
   27.06    22.01   -12.34        26.44    23.25   -12.57     1.407
  -40.23   -10.55   -41.20       -39.44    -9.38   -40.52     1.566
   -6.78    -2.06    57.75        -5.33    -1.79    58.78     0.929
   28.07    14.51    14.47        28.38    16.37    15.62     1.973
    7.20   -11.06     8.92         9.13   -11.05    10.10     1.554
   35.07    12.42     6.75        36.75    12.61     7.78     1.519
   15.05    20.24    44.36        16.61    20.70    44.22     1.397
   38.11     1.49     5.41        38.94     1.09     6.19     0.762
   -0.46     7.59   -19.75        -0.84     6.99   -19.39     0.671
    9.78   -15.52   -16.15         9.54   -14.75   -16.29     0.818
   -8.61     7.37    42.78        -6.93     5.55    44.01     1.810
   34.02     3.91   -23.42        33.37     6.01   -23.79     2.229
  -22.30    -7.35    -6.09       -23.84    -6.22    -6.06     1.909
   34.87    12.48   -15.61        34.71    12.60   -16.66     1.068
  -25.36   -19.70    -9.10       -24.04   -20.02    -6.63     1.822
   21.10     1.12    39.95        22.47     0.87    43.13     2.723
  -12.48   -10.43    -0.19       -13.48    -9.80     1.48     1.851
   33.56     6.39    10.51        34.38     5.29    12.81     2.209
  -18.20    -1.30   -49.42       -16.63    -1.90   -47.32     2.095
    0.99     1.31   -25.39         0.76     0.91   -24.62     0.409
   15.26     3.38    61.28        16.57     2.74    62.95     1.224
   34.90    14.30    -0.36        36.23    13.85    -2.20     2.310
   36.05    11.74   -11.46        36.40    12.49   -10.63     0.786
   24.94   -10.70    -0.24        24.20   -10.81    -0.52     0.798
   20.36    -3.55    28.79        19.97    -4.85    29.52     1.433
   12.93    20.41   -28.34        12.40    21.66   -28.81     1.435
   16.02    24.08   -18.12        14.89    24.04   -17.44     1.088
    8.37     6.44    61.00         9.00     6.37    62.86     1.213
  -41.92    -4.85   -36.82       -40.19    -4.94   -37.23     1.783
    5.70    -7.43    22.95         5.02    -8.17    24.01     1.326
  -42.65    -0.79   -27.14       -42.00    -0.98   -25.67     0.724
   17.47    17.95   -32.43        16.64    16.36   -31.08     1.901
   23.44    -6.29    13.11        24.00    -6.38    12.46     0.861
  -28.79   -29.53   -19.78       -28.39   -29.85   -18.44     0.439
   22.94     8.45   -32.34        24.01     8.56   -30.58     1.622
   -0.80   -14.61   -35.40        -0.46   -15.73   -35.24     1.112
   -7.40    11.81    51.99        -6.21    10.06    52.14     1.574
   -2.17   -17.04    -9.14        -1.27   -17.55    -8.18     0.656
   -7.09    12.56    51.44        -5.44    12.28    52.09     0.961
   32.36    13.77   -21.56        32.87    14.11   -20.35     0.892
  -12.56     5.73   -42.12       -13.13     4.84   -41.47     0.840
   27.41    21.71     1.99        26.99    23.08     2.86     1.521
    2.30   -10.02    14.40         1.65   -10.72    14.97     1.108
  -11.86    24.41    27.65       -13.40    23.38    28.08     1.903
    0.35   -16.95    -9.63         1.71   -17.91    -9.94     1.586
    3.09   -17.12   -11.35         3.99   -17.53   -12.52     1.533
  -11.41   -29.00   -34.63        -9.77   -28.58   -33.77     1.528
  -34.90   -27.37   -33.73       -34.20   -27.71   -32.37     0.601
   17.17   -16.11   -17.47        16.46   -15.37   -15.36     2.015
   -5.55   -23.16   -18.77        -4.85   -23.91   -17.64     0.779
    2.55   -17.93   -16.67         1.95   -18.72   -16.26     1.016
   -6.07     9.34    -6.85        -4.24     9.86    -4.57     2.321
  -32.55    -6.44   -48.65       -30.63    -8.92   -47.40     2.921
  -28.27    -2.90   -12.42       -27.52    -0.89   -11.79     2.233
   36.28     6.53   -15.35        37.15     5.46   -13.99     1.645
  -11.92   -29.05   -23.12        -9.66   -29.25   -23.11     2.054
   -8.07   -25.62   -37.72        -7.77   -24.94   -37.56     0.761
  -32.73   -22.89   -13.76       -33.71   -22.94   -12.34     1.392
    1.46   -17.89   -12.75         2.14   -18.69   -12.68     0.913
  -31.95   -28.75   -35.89       -29.96   -28.92   -35.71     1.923
   -7.92    15.22     9.26        -7.83    13.51    10.77     1.572
   34.76     4.44   -22.07        35.15     5.79   -20.75     1.537
   14.82    -1.70   -23.71        13.22    -1.44   -22.11     2.018
  -18.13    -7.42   -50.61       -20.05    -9.16   -49.00     2.490
   18.52    25.55   -10.68        19.77    25.99   -10.00     1.310
  -43.88    -9.38   -22.90       -43.52    -8.91   -21.63     0.922
  -14.54     9.40   -38.16       -13.66     7.95   -38.17     1.701
    0.56    18.66     2.70         1.28    18.00     4.12     0.935
  -40.04   -15.86   -40.19       -39.16   -15.85   -39.50     0.926
   -7.86     9.13    -3.74        -7.62     8.32    -3.70     0.847
    3.91   -13.26   -24.72         3.96   -12.25   -24.46     1.053
   -8.22   -26.50   -35.76        -7.85   -26.23   -35.91     0.488
   -1.16    -6.31    60.51         0.36    -6.90    62.05     1.043
   30.04     0.93   -29.66        30.05     2.44   -28.85     1.443
  -20.25    -8.28   -51.25       -20.05    -9.16   -49.00     1.528
   17.54    22.90    16.92        17.13    23.88    17.61     1.263
    3.24    -8.84   -27.16         1.77    -8.81   -26.97     1.481
   -3.43   -21.89   -35.98        -4.28   -22.54   -35.62     1.060
  -19.87   -32.23   -31.77       -20.05   -32.63   -30.88     0.436
  -24.41    12.10   -32.13       -23.12    11.69   -31.07     1.337
   14.46     5.16   -21.00        13.74     4.46   -18.35     2.275
  -30.87   -28.52   -20.21       -30.07   -30.06   -19.88     1.348
   -8.36    14.17    40.75        -8.02    13.52    39.95     1.089
   -9.10    -9.65   -48.21        -9.49    -9.52   -46.75     0.811
    8.54    -6.28    35.84         8.89    -6.62    36.27     0.208
  -29.90   -30.44   -33.46       -30.80   -29.76   -32.57     1.385
   -7.36    16.32     9.80        -6.27    15.50    11.24     1.134
  -30.84   -26.60   -16.37       -30.89   -26.79   -15.10     0.593
  -39.66     3.05   -24.20       -39.67     2.39   -23.46     0.379
   -4.09    18.14     7.73        -2.27    17.89     8.68     1.579
   18.86    24.76     6.76        20.33    24.78     9.00     2.054
    3.11    21.27     1.64         3.64    20.08     1.73     1.187
    9.59    19.72    59.74         9.36    20.76    58.73     1.471
   34.71     1.03   -21.61        34.92     2.24   -21.37     1.101
  -40.06   -14.37   -41.02       -39.16   -15.85   -39.50     1.428
    6.45   -16.61   -15.96         5.74   -16.57   -16.49     0.889