15 PA3-B-Debug-Answer.txt 0
  -25.18   -33.17   -21.19       -24.98   -32.06   -21.56     1.188
   20.81    23.11   -18.98        21.18    24.86   -19.31     1.819
  -40.91   -15.47   -35.57       -39.85   -15.38   -35.48     1.071
  -17.24   -19.19    -8.72       -16.73   -20.11    -7.31     1.768
   33.52     9.25   -22.23        33.83     9.34   -22.38     0.354
   13.54    23.65   -11.55        13.29    24.05   -11.69     0.487
    7.60    23.83     4.60         6.93    24.66     4.35     1.092
   -9.54   -30.72   -27.81       -10.03   -29.78   -27.65     1.072
    9.50     7.02    60.10         9.49     6.82    62.89     2.803
   -7.44     9.20    43.44        -7.03     9.21    43.44     0.415
  -10.71   -31.41   -27.06       -11.17   -30.49   -27.04     1.026
  -17.40    14.74    24.76       -16.05    15.30    24.90     1.463
    7.09   -11.32   -25.82         5.03   -10.46   -24.08     2.835
   23.85    -3.72    24.19        23.81    -3.65    24.17     0.084
   -5.48   -22.82   -40.82        -6.79   -21.79   -39.74     1.980
