15 PA3-C-Debug-Output.txt 0
  -11.42     7.28   -12.54       -11.47     7.46   -12.50     0.195
  -11.46     8.76   -34.10       -11.61     8.42   -34.00     0.384
   36.43    -2.68     3.82        36.52    -2.76     3.80     0.123
  -28.76     3.81   -16.15       -28.62     4.27   -14.00     2.208
  -32.99   -13.46    -9.68       -33.48   -13.82    -7.83     1.950
   22.45   -16.17   -14.62        22.34   -15.62   -14.58     0.567
   15.18    -2.82    55.55        16.04    -4.29    55.68     1.700
  -12.94     9.08    16.28       -11.75     9.32    16.46     1.231
   -3.12    -2.87    61.42        -4.02    -3.62    61.34     1.171
  -29.75     1.75   -15.36       -29.97     2.59   -13.54     2.009
   -5.20    -0.32    61.34        -5.59    -0.33    61.30     0.396
    3.40    15.45    -5.71         3.98    14.72    -5.04     1.150
   -6.73    -1.33   -42.38        -7.43    -1.75   -41.57     1.153
   13.02    26.72    -2.71        13.00    26.83    -2.73     0.113
   37.27     6.81   -12.14        37.50     6.89   -12.25     0.266
