200 PA4-D-Debug-Answer.txt 0
   -0.92    -6.18    60.78        -0.92    -6.18    60.78     0.000
   -8.78   -21.64   -10.40        -8.78   -21.64   -10.40     0.000
  -14.30    -0.70   -46.01       -14.30    -0.70   -46.01     0.000
   36.54    14.01     5.53        36.54    14.01     5.53     0.000
   20.20    -2.15    44.04        20.20    -2.15    44.04     0.000
  -27.88     8.15   -16.78       -27.88     8.15   -16.78     0.000
   -3.33    -4.84   -38.38        -3.33    -4.84   -38.38     0.000
    1.60   -17.22   -24.64         1.60   -17.22   -24.64     0.000
    9.55    -6.71    49.29         9.55    -6.71    49.29     0.000
   25.27    23.41     6.83        25.27    23.41     6.83     0.000
   26.47     5.01    29.66        26.47     5.01    29.66     0.000
  -13.79   -18.25   -46.27       -13.79   -18.25   -46.27     0.000
    1.81    -7.65    29.62         1.81    -7.65    29.62     0.000
    1.28    -9.64    19.75         1.28    -9.64    19.75     0.000
  -12.06   -27.19   -38.65       -12.06   -27.19   -38.65     0.000
  -43.54    -6.24   -27.48       -43.54    -6.24   -27.48     0.000
   13.64    -6.34    28.27        13.64    -6.34    28.27     0.000
  -31.82   -18.72    -8.53       -31.82   -18.72    -8.53     0.000
   15.11    -5.14    50.30        15.11    -5.14    50.30     0.000
  -15.42   -31.13   -32.85       -15.42   -31.13   -32.85     0.000
  -28.07     3.12   -42.50       -28.07     3.12   -42.50     0.000
   -6.96     6.46    47.83        -6.96     6.46    47.83     0.000
   25.87    23.99    -3.22        25.87    23.99    -3.22     0.000
   -2.06   -11.50   -38.01        -2.06   -11.50   -38.01     0.000
   32.43     4.31    15.54        32.43     4.31    15.54     0.000
   26.67    -2.38    21.13        26.67    -2.38    21.13     0.000
   28.49    17.79    13.93        28.49    17.79    13.93     0.000
  -13.47    15.46    34.35       -13.47    15.46    34.35     0.000
   20.95     3.65   -27.58        20.95     3.65   -27.58     0.000
   38.53     5.75   -10.97        38.53     5.75   -10.97     0.000
    3.17    14.28    -4.80         3.17    14.28    -4.80     0.000
  -10.51     7.63   -12.05       -10.51     7.63   -12.05     0.000
   34.06     9.49    11.91        34.06     9.49    11.91     0.000
  -25.71    -1.85   -46.98       -25.71    -1.85   -46.98     0.000
   30.79     8.67    17.68        30.79     8.67    17.68     0.000
   12.42   -17.02    -7.98        12.42   -17.02    -7.98     0.000
  -33.92    -3.85    -9.69       -33.92    -3.85    -9.69     0.000
   12.02    18.80    62.54        12.02    18.80    62.54     0.000
   -1.50    -9.33   -33.17        -1.50    -9.33   -33.17     0.000
   -0.53    14.17     0.29        -0.53    14.17     0.29     0.000
   -5.66    -3.03    36.58        -5.66    -3.03    36.58     0.000
  -39.64    -6.65   -38.93       -39.64    -6.65   -38.93     0.000
   35.10     3.42    12.11        35.10     3.42    12.11     0.000
    3.19    -6.96    40.13         3.19    -6.96    40.13     0.000
  -32.70    -0.21   -12.20       -32.70    -0.21   -12.20     0.000
  -11.81    -4.77   -46.83       -11.81    -4.77   -46.83     0.000
   10.36     8.45    63.04        10.36     8.45    63.04     0.000
    9.80     7.41   -15.12         9.80     7.41   -15.12     0.000
   -1.48   -14.15   -36.83        -1.48   -14.15   -36.83     0.000
   18.78    -5.81    25.00        18.78    -5.81    25.00     0.000
   10.51     4.32    62.97        10.51     4.32    62.97     0.000
  -14.94     1.69   -44.56       -14.94     1.69   -44.56     0.000
   13.93    22.55    32.26        13.93    22.55    32.26     0.000
   13.36    22.56    31.61        13.36    22.56    31.61     0.000
   -7.33    -3.32    27.36        -7.33    -3.32    27.36     0.000
  -16.79   -11.79   -48.65       -16.79   -11.79   -48.65     0.000
  -25.69   -22.55    -7.98       -25.69   -22.55    -7.98     0.000
   35.99     7.03   -18.21        35.99     7.03   -18.21     0.000
  -26.66   -30.13   -16.57       -26.66   -30.13   -16.57     0.000
  -36.23    -7.29    -9.66       -36.23    -7.29    -9.66     0.000
    1.65    17.92    59.71         1.65    17.92    59.71     0.000
  -41.87    -1.13   -24.68       -41.87    -1.13   -24.68     0.000
   22.97   -12.12    -2.21        22.97   -12.12    -2.21     0.000
  -10.20   -23.81   -41.27       -10.20   -23.81   -41.27     0.000
    5.04    24.56    12.53         5.04    24.56    12.53     0.000
   -1.81    14.08     2.09        -1.81    14.08     2.09     0.000
   33.51    -2.18    12.22        33.51    -2.18    12.22     0.000
    8.23    25.69     7.48         8.23    25.69     7.48     0.000
   10.15    -0.68   -21.41        10.15    -0.68   -21.41     0.000
  -16.50   -11.96    -2.96       -16.50   -11.96    -2.96     0.000
   13.75    -5.63    53.77        13.75    -5.63    53.77     0.000
    9.23    -5.70    63.41         9.23    -5.70    63.41     0.000
   21.26    10.38    58.81        21.26    10.38    58.81     0.000
   12.74    20.51    57.46        12.74    20.51    57.46     0.000
   39.35     9.14    -2.07        39.35     9.14    -2.07     0.000
   11.49    -6.38    46.01        11.49    -6.38    46.01     0.000
   10.28    -4.97    63.37        10.28    -4.97    63.37     0.000
   36.19     7.13   -17.69        36.19     7.13   -17.69     0.000
   -6.54     1.98    42.25        -6.54     1.98    42.25     0.000
   -7.17     1.47    32.90        -7.17     1.47    32.90     0.000
  -24.20   -31.00   -17.79       -24.20   -31.00   -17.79     0.000
  -10.73   -29.28   -32.42       -10.73   -29.28   -32.42     0.000
   11.87    19.96   -19.08        11.87    19.96   -19.08     0.000
  -10.80   -19.81   -44.51       -10.80   -19.81   -44.51     0.000
  -22.23     7.51   -16.39       -22.23     7.51   -16.39     0.000
  -12.86    21.81    31.81       -12.86    21.81    31.81     0.000
    2.88    -5.35   -25.38         2.88    -5.35   -25.38     0.000
  -16.03     2.16    -1.21       -16.03     2.16    -1.21     0.000
   -6.76     7.91    48.97        -6.76     7.91    48.97     0.000
    7.47   -14.94   -17.80         7.47   -14.94   -17.80     0.000
   16.91     2.96   -22.05        16.91     2.96   -22.05     0.000
   10.14   -15.64   -12.77        10.14   -15.64   -12.77     0.000
    4.50    -8.62    21.47         4.50    -8.62    21.47     0.000
   15.45   -13.47     1.87        15.45   -13.47     1.87     0.000
  -42.02    -8.94   -17.02       -42.02    -8.94   -17.02     0.000
   30.38     6.92    18.76        30.38     6.92    18.76     0.000
   32.47    -4.98    10.44        32.47    -4.98    10.44     0.000
   -8.93    -9.22   -46.21        -8.93    -9.22   -46.21     0.000
  -18.52    11.83   -30.69       -18.52    11.83   -30.69     0.000
    8.07    -9.44   -22.75         8.07    -9.44   -22.75     0.000
   16.49    -4.50    49.56        16.49    -4.50    49.56     0.000
   11.48    -9.39    12.82        11.48    -9.39    12.82     0.000
   32.07    18.93     1.35        32.07    18.93     1.35     0.000
   -1.65    -6.69   -31.35        -1.65    -6.69   -31.35     0.000
   -8.78    -0.17    23.44        -8.78    -0.17    23.44     0.000
    2.94    22.70     8.63         2.94    22.70     8.63     0.000
   -7.94     8.18   -13.20        -7.94     8.18   -13.20     0.000
  -39.79    -8.36   -39.08       -39.79    -8.36   -39.08     0.000
   19.60    -0.98    52.91        19.60    -0.98    52.91     0.000
    6.27    -6.88    39.80         6.27    -6.88    39.80     0.000
   27.09   -12.68   -16.64        27.09   -12.68   -16.64     0.000
   29.58    -1.91   -26.65        29.58    -1.91   -26.65     0.000
  -10.98   -28.66   -18.38       -10.98   -28.66   -18.38     0.000
  -24.52    11.19   -20.07       -24.52    11.19   -20.07     0.000
   25.02    14.06    28.12        25.02    14.06    28.12     0.000
   -3.00    -4.66    56.61        -3.00    -4.66    56.61     0.000
  -16.76   -17.55    -5.86       -16.76   -17.55    -5.86     0.000
  -16.28    10.81   -33.32       -16.28    10.81   -33.32     0.000
    6.41    -7.24    53.10         6.41    -7.24    53.10     0.000
   -2.58   -16.91    -6.65        -2.58   -16.91    -6.65     0.000
   -4.56    22.98    33.60        -4.56    22.98    33.60     0.000
    0.91    -6.77    54.27         0.91    -6.77    54.27     0.000
   -7.80    -7.91    11.33        -7.80    -7.91    11.33     0.000
   -8.66    -5.55    15.62        -8.66    -5.55    15.62     0.000
   -6.64     3.32    59.60        -6.64     3.32    59.60     0.000
  -28.94   -21.29    -7.98       -28.94   -21.29    -7.98     0.000
   20.40    24.32    10.94        20.40    24.32    10.94     0.000
    4.44     7.61    63.40         4.44     7.61    63.40     0.000
   -4.19    23.62    18.32        -4.19    23.62    18.32     0.000
   -1.02   -11.02    10.97        -1.02   -11.02    10.97     0.000
   32.41    -7.68   -18.04        32.41    -7.68   -18.04     0.000
    3.06   -11.87     9.79         3.06   -11.87     9.79     0.000
  -31.85     7.73   -32.98       -31.85     7.73   -32.98     0.000
   -3.41    -2.83   -32.98        -3.41    -2.83   -32.98     0.000
   24.98    -7.14     9.81        24.98    -7.14     9.81     0.000
    8.14    20.58    53.93         8.14    20.58    53.93     0.000
   -7.24    -0.49    30.30        -7.24    -0.49    30.30     0.000
   -0.90    -6.22    39.24        -0.90    -6.22    39.24     0.000
   -7.38   -23.22   -39.06        -7.38   -23.22   -39.06     0.000
  -16.37    -4.94     1.70       -16.37    -4.94     1.70     0.000
  -40.92   -20.40   -23.20       -40.92   -20.40   -23.20     0.000
   20.55    -0.52    49.82        20.55    -0.52    49.82     0.000
   -7.16     8.21    -8.67        -7.16     8.21    -8.67     0.000
  -33.81   -23.92   -13.79       -33.81   -23.92   -13.79     0.000
   35.70    13.51   -12.34        35.70    13.51   -12.34     0.000
  -32.02     0.11   -42.73       -32.02     0.11   -42.73     0.000
   -6.99     5.16    54.70        -6.99     5.16    54.70     0.000
   32.96     6.81   -24.61        32.96     6.81   -24.61     0.000
   30.38     2.03   -28.25        30.38     2.03   -28.25     0.000
   13.86    22.31    34.40        13.86    22.31    34.40     0.000
  -38.68     3.12   -30.46       -38.68     3.12   -30.46     0.000
  -39.44   -17.66   -15.14       -39.44   -17.66   -15.14     0.000
  -32.53     6.95   -18.32       -32.53     6.95   -18.32     0.000
    9.57    11.66   -11.48         9.57    11.66   -11.48     0.000
    1.80    18.25    56.90         1.80    18.25    56.90     0.000
  -32.59     2.63   -13.83       -32.59     2.63   -13.83     0.000
   30.83    18.05    10.46        30.83    18.05    10.46     0.000
   -9.52   -26.33   -37.50        -9.52   -26.33   -37.50     0.000
   -4.58    -0.66   -35.62        -4.58    -0.66   -35.62     0.000
   19.32   -10.36     4.63        19.32   -10.36     4.63     0.000
    3.08   -17.84   -17.53         3.08   -17.84   -17.53     0.000
  -18.47    11.88   -23.70       -18.47    11.88   -23.70     0.000
   -2.89    14.24     4.33        -2.89    14.24     4.33     0.000
   32.88    12.16    12.60        32.88    12.16    12.60     0.000
   -4.28    -3.67    40.28        -4.28    -3.67    40.28     0.000
   11.05     7.53    62.95        11.05     7.53    62.95     0.000
   -4.08     3.95   -26.29        -4.08     3.95   -26.29     0.000
  -39.04     2.13   -20.96       -39.04     2.13   -20.96     0.000
   13.19    15.62   -13.83        13.19    15.62   -13.83     0.000
  -32.40   -11.29   -46.53       -32.40   -11.29   -46.53     0.000
   10.41    -6.48    44.20        10.41    -6.48    44.20     0.000
  -21.52     7.92   -16.86       -21.52     7.92   -16.86     0.000
    1.57    -7.13    60.66         1.57    -7.13    60.66     0.000
    4.08    24.21    12.93         4.08    24.21    12.93     0.000
   -3.38    -3.72    63.01        -3.38    -3.72    63.01     0.000
  -25.26   -30.11   -16.30       -25.26   -30.11   -16.30     0.000
   24.46    23.84   -19.16        24.46    23.84   -19.16     0.000
   19.32    -6.11    21.90        19.32    -6.11    21.90     0.000
   10.11    20.57   -10.48        10.11    20.57   -10.48     0.000
   -3.68    -2.05   -33.24        -3.68    -2.05   -33.24     0.000
   -6.99   -25.14   -17.07        -6.99   -25.14   -17.07     0.000
   21.50   -12.04   -21.22        21.50   -12.04   -21.22     0.000
   17.99    -6.09    24.33        17.99    -6.09    24.33     0.000
   22.91    -5.70    17.03        22.91    -5.70    17.03     0.000
   -5.18     8.14   -17.62        -5.18     8.14   -17.62     0.000
   20.99    24.94   -19.64        20.99    24.94   -19.64     0.000
   -5.65    17.71    42.28        -5.65    17.71    42.28     0.000
  -33.35     1.59   -40.90       -33.35     1.59   -40.90     0.000
   22.09    10.23    51.93        22.09    10.23    51.93     0.000
   -0.55   -14.37   -35.07        -0.55   -14.37   -35.07     0.000
   22.69    -6.18    15.19        22.69    -6.18    15.19     0.000
   14.58    -1.94    63.05        14.58    -1.94    63.05     0.000
   -0.73    -6.01    62.86        -0.73    -6.01    62.86     0.000
   -3.62    -7.70   -40.32        -3.62    -7.70   -40.32     0.000
    8.59    20.88    -7.53         8.59    20.88    -7.53     0.000
   21.48     9.03    58.36        21.48     9.03    58.36     0.000
    7.72    -1.59    63.37         7.72    -1.59    63.37     0.000
   23.80    23.72   -21.04        23.80    23.72   -21.04     0.000
    8.50    11.80    63.21         8.50    11.80    63.21     0.000
    4.28    -7.20    35.30         4.28    -7.20    35.30     0.000
