75 PA4-B-Demo-Fast-Answer.txt 0
   -0.16   -10.43    15.63        -0.16   -10.43    15.63     0.000
  -33.20    -4.57    -9.81       -33.20    -4.57    -9.81     0.000
    4.37    -6.31    63.10         4.37    -6.31    63.10     0.000
   -2.73   -22.83   -32.04        -2.73   -22.83   -32.04     0.000
   17.79    17.79   -30.47        17.79    17.79   -30.47     0.000
  -12.01     1.94    13.45       -12.01     1.94    13.45     0.000
   -0.03   -16.94   -31.66        -0.03   -16.94   -31.66     0.000
    2.42    20.10     4.40         2.42    20.10     4.40     0.000
    2.65     8.20   -15.90         2.65     8.20   -15.90     0.000
   34.89    -3.71    -1.74        34.89    -3.71    -1.74     0.000
   -6.21     0.33    42.06        -6.21     0.33    42.06     0.000
   23.39    10.00    43.53        23.39    10.00    43.53     0.000
  -24.63   -13.72    -6.06       -24.63   -13.72    -6.06     0.000
   17.98    25.37   -16.54        17.98    25.37   -16.54     0.000
   -1.75    12.18    -2.15        -1.75    12.18    -2.15     0.000
   -4.04    17.90    44.13        -4.04    17.90    44.13     0.000
   17.46    -3.28    52.97        17.46    -3.28    52.97     0.000
    0.20    20.70     8.69         0.20    20.70     8.69     0.000
    6.91   -14.42    -0.97         6.91   -14.42    -0.97     0.000
   12.58    24.24    19.10        12.58    24.24    19.10     0.000
  -28.55   -29.40   -17.44       -28.55   -29.40   -17.44     0.000
  -37.58   -20.84   -37.31       -37.58   -20.84   -37.31     0.000
    0.21     5.48   -20.57         0.21     5.48   -20.57     0.000
  -26.81    -3.73   -47.42       -26.81    -3.73   -47.42     0.000
  -14.91    -0.93   -46.43       -14.91    -0.93   -46.43     0.000
   -6.26    -4.11    30.48        -6.26    -4.11    30.48     0.000
    1.79   -12.32     4.27         1.79   -12.32     4.27     0.000
    6.74    -7.32    27.03         6.74    -7.32    27.03     0.000
    8.68    -6.67    33.40         8.68    -6.67    33.40     0.000
    9.71    25.13    14.22         9.71    25.13    14.22     0.000
  -35.74   -18.58   -10.96       -35.74   -18.58   -10.96     0.000
   -2.35    -6.73    33.12        -2.35    -6.73    33.12     0.000
   21.87    24.86     6.49        21.87    24.86     6.49     0.000
    5.77    -6.94    39.22         5.77    -6.94    39.22     0.000
  -39.57     2.21   -22.73       -39.57     2.21   -22.73     0.000
   10.64    15.72    63.14        10.64    15.72    63.14     0.000
  -35.83   -24.21   -16.68       -35.83   -24.21   -16.68     0.000
   22.11     2.48    48.49        22.11     2.48    48.49     0.000
  -14.61    18.36    32.82       -14.61    18.36    32.82     0.000
    7.09    23.99    20.62         7.09    23.99    20.62     0.000
  -14.05   -26.59   -12.95       -14.05   -26.59   -12.95     0.000
   -6.21     3.30   -30.87        -6.21     3.30   -30.87     0.000
   14.45     3.72    63.05        14.45     3.72    63.05     0.000
  -10.14   -13.26    -1.10       -10.14   -13.26    -1.10     0.000
   18.47    25.62     8.24        18.47    25.62     8.24     0.000
  -29.20   -30.01   -19.25       -29.20   -30.01   -19.25     0.000
  -26.46    -6.82    -7.41       -26.46    -6.82    -7.41     0.000
   -6.23    13.72    45.18        -6.23    13.72    45.18     0.000
  -31.03   -29.09   -18.95       -31.03   -29.09   -18.95     0.000
   -2.34   -23.58   -26.24        -2.34   -23.58   -26.24     0.000
   35.62    13.37     8.51        35.62    13.37     8.51     0.000
   33.85     1.54   -22.92        33.85     1.54   -22.92     0.000
  -34.64   -14.07    -8.14       -34.64   -14.07    -8.14     0.000
   27.63    10.20   -29.83        27.63    10.20   -29.83     0.000
  -15.55     8.67   -37.96       -15.55     8.67   -37.96     0.000
    8.78    -1.14    63.38         8.78    -1.14    63.38     0.000
   -1.10    20.32    40.21        -1.10    20.32    40.21     0.000
  -12.42   -25.95   -13.15       -12.42   -25.95   -13.15     0.000
   31.28    17.67    10.47        31.28    17.67    10.47     0.000
   -1.73   -20.45   -33.99        -1.73   -20.45   -33.99     0.000
   -3.40    17.97     9.95        -3.40    17.97     9.95     0.000
  -38.73    -3.45   -38.95       -38.73    -3.45   -38.95     0.000
   26.74    22.59   -18.77        26.74    22.59   -18.77     0.000
    7.31    25.22    12.14         7.31    25.22    12.14     0.000
   -4.48   -21.73   -14.10        -4.48   -21.73   -14.10     0.000
   38.68     2.22   -11.76        38.68     2.22   -11.76     0.000
   -7.99     5.92   -32.19        -7.99     5.92   -32.19     0.000
  -41.65   -17.77   -29.34       -41.65   -17.77   -29.34     0.000
    9.85   -15.97   -11.92         9.85   -15.97   -11.92     0.000
  -35.06   -21.34   -40.31       -35.06   -21.34   -40.31     0.000
   25.47   -10.77    -0.74        25.47   -10.77    -0.74     0.000
  -20.90   -18.86   -47.46       -20.90   -18.86   -47.46     0.000
   22.86     3.12    44.77        22.86     3.12    44.77     0.000
   26.48    23.48    -7.40        26.48    23.48    -7.40     0.000
  -14.58     7.40   -39.28       -14.58     7.40   -39.28     0.000
