200 PA4-F-Debug-Output.txt 0
   -9.93   -12.38   -46.66        -9.93   -12.38   -46.66     0.000
   -2.61   -18.93   -37.23        -2.71   -18.86   -37.17     0.133
  -13.09   -26.57   -40.22       -13.09   -26.56   -40.21     0.008
  -15.96   -30.86   -34.23       -15.95   -30.89   -34.25     0.043
   33.88    16.65   -11.73        33.84    16.61   -11.72     0.059
   16.93    25.24   -20.77        16.95    25.20   -20.77     0.044
   22.16    20.85   -26.44        22.19    20.87   -26.46     0.042
   18.71    18.29    43.37        18.79    18.35    43.39     0.100
  -29.87     9.75   -29.70       -29.89     9.82   -29.71     0.074
   -6.94     6.58    45.54        -6.96     6.58    45.54     0.018
   -3.57     5.84    63.32        -3.57     5.84    63.34     0.014
  -29.17   -13.37    -6.24       -29.17   -13.39    -6.17     0.073
   -3.15   -19.63   -11.38        -3.15   -19.63   -11.37     0.010
  -10.95    -5.25     9.75       -10.98    -5.27     9.77     0.033
  -37.95   -15.32   -11.83       -37.86   -15.30   -11.89     0.111
    1.65   -13.45   -26.82         1.66   -13.45   -26.83     0.015
    1.38    10.75    -9.03         1.40    10.70    -9.01     0.061
   11.47    26.98     3.63        11.49    26.94     3.62     0.043
  -10.59   -29.94   -27.73       -10.54   -30.03   -27.75     0.111
  -14.90   -11.82    -2.15       -14.91   -11.83    -2.14     0.015
   -0.26    17.14    58.08        -0.24    17.11    58.08     0.035
   -5.37    -5.62    27.67        -5.26    -5.51    27.67     0.160
    8.04     1.43    63.31         8.04     1.42    63.27     0.046
   -1.24   -18.90   -11.21        -1.23   -18.95   -11.19     0.057
  -41.37   -11.17   -16.30       -41.43   -11.18   -16.27     0.066
   35.12    -2.58   -19.13        35.11    -2.57   -19.13     0.014
  -37.96    -8.11   -10.78       -37.95    -8.12   -10.79     0.011
   13.20    14.80   -22.49        13.20    14.80   -22.48     0.010
  -39.94   -19.69   -33.27       -39.86   -19.68   -33.24     0.089
    3.90   -17.69   -16.36         3.87   -17.64   -16.36     0.064
   36.64     5.83   -16.52        36.69     5.83   -16.53     0.052
   -4.02   -11.31     5.64        -4.04   -11.45     5.67     0.136
    2.72    14.67    -3.23         2.68    14.71    -3.26     0.063
   37.23    -0.03     9.02        37.26    -0.04     9.04     0.037
    0.36     0.67   -24.74         0.36     0.67   -24.75     0.008
   -4.70    -0.14   -32.77        -4.75    -0.17   -32.77     0.061
   -3.21    -4.66    48.92        -3.11    -4.53    48.91     0.170
  -31.29     7.07   -16.80       -31.29     7.08   -16.80     0.006
  -27.58    11.06   -24.82       -27.61    11.14   -24.81     0.079
  -23.46     1.51   -45.20       -23.46     1.55   -45.25     0.066
   -8.83    13.00    38.37        -8.84    12.99    38.38     0.022
  -16.54   -11.97   -48.65       -16.56   -11.96   -48.58     0.074
   36.52    11.31     8.39        36.51    11.31     8.38     0.007
   -7.50    -9.96     6.35        -7.51    -9.98     6.36     0.028
    9.96    24.29    19.04         9.96    24.37    19.05     0.080
   11.22    -9.50    13.01        11.20    -9.41    12.98     0.099
   33.87    16.70    -0.23        33.95    16.77    -0.25     0.102
  -20.46   -30.43   -16.23       -20.46   -30.48   -16.19     0.065
  -27.36    10.85   -21.70       -27.32    10.73   -21.73     0.127
   -1.60    10.67    -5.98        -1.61    10.70    -5.99     0.030
  -31.73   -29.39   -32.60       -31.65   -29.26   -32.55     0.165
  -39.91   -11.30   -34.37       -39.88   -11.30   -34.37     0.028
    6.92     8.20   -14.75         6.93     8.16   -14.68     0.081
   -0.32   -16.19   -34.26        -0.31   -16.20   -34.26     0.006
   27.22     3.64    27.15        27.11     3.66    27.11     0.124
  -23.13    12.01   -30.29       -23.12    11.82   -30.26     0.188
   12.08    25.54    -6.53        12.08    25.53    -6.53     0.005
    2.32    -6.66   -26.13         2.34    -6.65   -26.16     0.040
  -22.70   -10.40   -49.56       -22.70   -10.42   -49.60     0.049
   12.74   -10.93     8.27        12.72   -10.86     8.25     0.074
  -40.27   -10.70   -37.05       -40.12   -10.68   -37.04     0.148
  -38.22   -17.40   -13.43       -38.23   -17.40   -13.42     0.015
   -4.63   -11.22     6.27        -4.62   -11.16     6.25     0.073
   29.60    11.41    18.33        29.54    11.38    18.30     0.072
   38.46     4.77     8.04        38.46     4.77     8.03     0.008
   22.41    25.40    -0.50        22.46    25.51    -0.49     0.119
  -34.39     4.83   -35.96       -34.42     4.86   -35.97     0.046
    0.99    14.73    62.82         0.99    14.72    62.79     0.031
   31.01    16.22   -21.86        30.95    16.18   -21.82     0.087
   18.33    -4.39    37.38        18.38    -4.49    37.39     0.112
  -13.46    22.11    20.84       -13.43    22.10    20.85     0.033
   -8.75     0.78    24.08        -8.79     0.77    24.09     0.047
    1.47     1.01   -23.82         1.48     1.01   -23.82     0.007
  -24.05   -31.39   -18.59       -24.06   -31.33   -18.61     0.064
  -15.53     5.45   -41.80       -15.52     5.47   -41.82     0.025
   37.45    -1.25    -1.16        37.37    -1.18    -1.15     0.102
  -32.36   -26.03   -15.43       -32.42   -26.13   -15.34     0.142
  -29.57     6.06   -38.94       -29.58     6.08   -38.95     0.034
    6.78    21.32    -2.82         6.65    21.41    -2.86     0.156
   33.86    16.67    -4.89        33.77    16.60    -4.89     0.107
  -13.51    -7.58     3.51       -13.57    -7.63     3.56     0.095
  -41.40   -17.81   -20.66       -41.50   -17.85   -20.63     0.107
   -9.03   -22.04   -10.85        -9.02   -22.08   -10.82     0.048
    9.88   -16.06   -10.72         9.87   -16.11   -10.72     0.043
   16.19    22.89    25.20        16.19    22.91    25.20     0.025
  -43.01    -5.01   -20.34       -43.05    -4.98   -20.32     0.051
   37.57     7.01   -12.01        37.57     7.01   -12.01     0.000
   -5.18    -8.32   -42.46        -5.24    -8.33   -42.41     0.081
   14.63    17.79    62.46        14.61    17.77    62.42     0.047
   16.60    14.59   -30.26        16.60    14.59   -30.27     0.013
   35.70     0.19    11.14        35.73     0.19    11.17     0.046
   12.30   -10.36     9.87        12.31   -10.40     9.89     0.044
    3.71    -7.40    29.50         3.71    -7.52    29.50     0.113
   28.00    22.05   -13.18        28.09    22.18   -13.17     0.162
   21.46     8.65    58.97        21.42     8.65    58.96     0.038
  -13.02   -30.30   -33.08       -13.01   -30.30   -33.08     0.006
   -0.65    13.75    -0.33        -0.63    13.72    -0.32     0.046
  -23.98   -24.81    -9.88       -23.98   -24.90    -9.78     0.140
  -36.48    -9.06   -43.39       -36.61    -9.01   -43.54     0.203
   25.42    14.83   -28.30        25.40    14.81   -28.25     0.058
   -6.10     0.09    44.79        -6.03     0.12    44.79     0.065
    5.95   -16.40    -9.87         5.93   -16.35    -9.88     0.053
   21.96    -4.91    22.68        22.00    -4.97    22.69     0.070
    6.88   -15.58    -4.28         6.90   -15.52    -4.30     0.065
   -8.13     6.21   -31.94        -8.19     6.15   -31.93     0.080
  -19.17     6.67   -14.75       -19.15     6.63   -14.79     0.059
  -16.55     6.33   -13.13       -16.53     6.27   -13.18     0.077
   19.49    -6.14    21.34        19.48    -6.13    21.34     0.015
   23.28    25.24    -3.24        23.27    25.21    -3.23     0.032
  -16.23   -13.44   -48.40       -16.23   -13.44   -48.41     0.010
   -3.23    -3.53    63.34        -3.17    -3.49    63.22     0.140
  -40.91     0.50   -29.03       -40.85     0.47   -29.03     0.070
   24.71    -5.03   -25.99        24.71    -5.04   -26.01     0.015
   23.58    10.26    42.48        23.52    10.24    42.47     0.067
  -42.93   -13.93   -21.62       -42.96   -13.94   -21.61     0.027
   15.21   -11.05     6.38        15.22   -11.08     6.40     0.043
   29.64     7.48   -28.99        29.63     7.49   -28.97     0.025
    2.99   -10.17    17.10         2.96   -10.02    17.06     0.159
  -12.35    10.07    27.92       -12.29    10.13    27.90     0.090
  -36.49   -17.14   -10.72       -36.45   -17.12   -10.77     0.062
  -20.83    10.24   -19.10       -20.83    10.27   -19.07     0.046
   23.25    -0.17    35.93        23.32    -0.21    35.95     0.082
    0.18   -14.17   -32.06         0.13   -14.17   -32.06     0.047
  -39.02   -23.95   -25.83       -38.91   -23.85   -25.83     0.150
   -6.09    -0.74    39.42        -6.00    -0.72    39.41     0.098
   -6.46   -17.12   -42.27        -6.44   -17.13   -42.29     0.029
   17.90    -6.05    22.55        17.93    -6.27    22.57     0.228
   22.11     3.27    50.57        22.09     3.27    50.56     0.019
    1.88    -6.56    46.55         1.87    -6.79    46.55     0.232
   -0.48    -6.56    35.35        -0.55    -6.82    35.41     0.269
  -21.10   -15.02    -5.73       -21.10   -15.02    -5.73     0.006
  -19.04   -29.59   -15.13       -19.05   -29.55   -15.15     0.047
   -1.50   -15.38   -36.81        -1.48   -15.38   -36.82     0.023
   29.56     4.22    20.30        29.60     4.22    20.33     0.053
  -38.18   -24.66   -25.12       -38.15   -24.64   -25.12     0.032
   14.24    23.54   -17.96        14.22    23.56   -17.96     0.030
   -1.05    -5.61    62.59        -1.17    -5.84    62.68     0.278
   12.19    24.50    -9.69        12.29    24.33    -9.60     0.205
   11.48    20.99    55.07        11.48    20.74    55.04     0.252
  -31.75   -13.06   -46.56       -31.77   -13.08   -46.62     0.065
   37.24    -0.33     9.00        37.18    -0.31     8.97     0.066
    4.76    19.49    53.36         4.77    19.46    53.35     0.033
   -8.15    15.91    39.73        -8.24    15.91    39.83     0.133
  -26.66   -27.76   -12.92       -26.66   -27.75   -12.92     0.006
   14.44    -5.63    41.55        14.51    -5.84    41.56     0.222
   -4.11    -3.52    40.80        -4.29    -3.65    40.78     0.227
  -12.06    10.89    16.87       -12.12    10.88    16.86     0.065
  -33.78   -22.10   -11.72       -33.75   -22.07   -11.75     0.056
  -10.89     7.03    22.35       -10.95     7.01    22.37     0.072
   32.48    18.35     0.54        32.49    18.37     0.53     0.018
   39.74     4.44     2.72        39.71     4.44     2.72     0.029
    3.07   -17.78   -11.61         3.05   -17.75   -11.62     0.040
  -11.50    23.50    21.51       -11.55    23.68    21.45     0.187
   17.11    21.23   -29.12        17.11    21.22   -29.11     0.008
   35.79    -2.17   -17.78        35.77    -2.17   -17.77     0.025
   12.06    25.49    -6.48        12.04    25.53    -6.49     0.038
   -4.50    23.19    33.05        -4.50    23.16    33.04     0.031
   20.77    15.88   -30.62        20.74    15.87   -30.58     0.043
  -34.14   -27.86   -32.39       -34.09   -27.78   -32.37     0.101
   28.79    14.89   -25.73        28.74    14.84   -25.69     0.085
   10.12    19.53    60.98        10.14    19.49    60.95     0.056
   -6.38    -9.65     9.30        -6.40    -9.70     9.32     0.055
   -7.09     5.41    57.02        -7.10     5.40    57.02     0.006
  -16.29    16.51    20.72       -16.24    16.49    20.75     0.060
   -4.93    -1.19   -37.87        -4.94    -1.20   -37.87     0.017
   -4.38    -2.83    52.26        -4.34    -2.80    52.25     0.049
   38.43     2.00   -12.26        38.46     2.00   -12.27     0.036
  -13.32     4.77    -0.69       -13.31     4.76    -0.69     0.008
   25.72    11.61    29.23        25.71    11.61    29.23     0.004
   24.53   -14.42   -11.03        24.54   -14.44   -11.03     0.027
   39.80     7.33    -4.88        39.70     7.30    -4.86     0.104
   28.65    -4.59   -26.01        28.65    -4.59   -26.05     0.043
    0.84    17.91    55.98         0.81    18.00    55.99     0.105
  -22.76    -1.30   -47.19       -22.76    -1.30   -47.20     0.018
   -1.92     3.19   -24.54        -1.91     3.20   -24.56     0.018
  -38.89   -21.44   -17.45       -38.75   -21.35   -17.53     0.184
   23.01     4.51    46.12        22.84     4.54    46.09     0.173
   38.02    -0.40     2.20        38.11    -0.45     2.20     0.104
   -8.46     8.35   -18.10        -8.46     8.38   -18.10     0.038
   30.68     7.63   -28.09        30.64     7.63   -28.06     0.042
   38.81     1.41     6.94        38.76     1.42     6.92     0.051
  -43.04    -9.13   -20.15       -43.11    -9.13   -20.13     0.077
    3.29    -7.00    35.44         3.29    -7.15    35.45     0.145
   14.71    -4.89    58.33        14.69    -4.85    58.33     0.050
   19.82     4.84   -26.65        19.85     4.85   -26.63     0.034
   -5.23    12.15    56.47        -5.14    12.10    56.48     0.102
   17.02    13.04   -29.95        17.07    13.08   -29.86     0.107
  -18.71     5.56   -13.44       -18.72     5.59   -13.42     0.041
  -29.28   -22.07    -8.50       -29.27   -22.04    -8.52     0.032
   14.55    -6.55    25.32        14.55    -6.51    25.32     0.036
   35.27    11.67   -15.73        35.24    11.66   -15.73     0.026
   -9.35     0.50    21.33        -9.39     0.49    21.34     0.046
  -18.55   -31.45   -34.00       -18.53   -31.58   -34.06     0.144
  -38.25     4.26   -26.13       -38.26     4.27   -26.13     0.015
    9.31    -3.03   -21.99         9.33    -3.03   -22.03     0.045
   20.13    -5.37    24.48        20.20    -5.49    24.51     0.143
    2.80    23.91    13.36         2.84    23.78    13.38     0.143
  -35.83    -8.37    -8.74       -35.82    -8.38    -8.75     0.013
   -5.84    -0.31    57.28        -5.84    -0.31    57.28     0.009
   28.79    12.44   -27.60        28.81    12.46   -27.62     0.038
