75 PA4-B-Demo-Slow-Answer.txt 0
  -32.67   -29.26   -24.22       -32.67   -29.26   -24.22     0.000
    4.43   -12.45   -23.73         4.43   -12.45   -23.73     0.000
   20.36    -0.11   -24.55        20.36    -0.11   -24.55     0.000
  -15.60   -21.07   -45.24       -15.60   -21.07   -45.24     0.000
  -36.53     5.80   -27.95       -36.53     5.80   -27.95     0.000
  -30.14   -15.22   -46.97       -30.14   -15.22   -46.97     0.000
   -5.45   -23.45   -15.91        -5.45   -23.45   -15.91     0.000
  -31.02   -25.78   -13.62       -31.02   -25.78   -13.62     0.000
  -34.84     7.20   -25.15       -34.84     7.20   -25.15     0.000
  -15.45     8.01   -15.76       -15.45     8.01   -15.76     0.000
   16.27    20.95   -29.69        16.27    20.95   -29.69     0.000
  -12.61     9.66    21.80       -12.61     9.66    21.80     0.000
   25.67    21.95    11.42        25.67    21.95    11.42     0.000
  -38.32   -24.39   -27.78       -38.32   -24.39   -27.78     0.000
   14.25    25.20    13.31        14.25    25.20    13.31     0.000
  -43.24    -7.05   -20.46       -43.24    -7.05   -20.46     0.000
   -8.95    -4.95    15.80        -8.95    -4.95    15.80     0.000
   31.96    -5.75     9.11        31.96    -5.75     9.11     0.000
   20.53   -14.93    -3.97        20.53   -14.93    -3.97     0.000
   31.80    13.94    12.76        31.80    13.94    12.76     0.000
   -2.99    24.33    27.60        -2.99    24.33    27.60     0.000
   25.72    10.69   -30.03        25.72    10.69   -30.03     0.000
   -3.06     3.39    63.35        -3.06     3.39    63.35     0.000
  -38.44     3.71   -23.32       -38.44     3.71   -23.32     0.000
   21.36   -16.67   -10.64        21.36   -16.67   -10.64     0.000
  -17.16     6.26   -13.40       -17.16     6.26   -13.40     0.000
  -25.70     8.79   -36.82       -25.70     8.79   -36.82     0.000
   16.08    -7.96    14.03        16.08    -7.96    14.03     0.000
   -4.33   -12.04     3.45        -4.33   -12.04     3.45     0.000
  -37.18   -21.46   -37.37       -37.18   -21.46   -37.37     0.000
   17.00    22.17   -28.38        17.00    22.17   -28.38     0.000
   21.43   -14.05   -17.73        21.43   -14.05   -17.73     0.000
  -19.39   -29.75   -15.35       -19.39   -29.75   -15.35     0.000
  -19.06    11.97   -24.72       -19.06    11.97   -24.72     0.000
    0.08    17.83    53.80         0.08    17.83    53.80     0.000
   18.70    22.45    23.45        18.70    22.45    23.45     0.000
   18.80    20.00   -29.10        18.80    20.00   -29.10     0.000
  -10.55   -23.38   -11.74       -10.55   -23.38   -11.74     0.000
   18.11     0.11    62.24        18.11     0.11    62.24     0.000
   37.74    11.08    -6.34        37.74    11.08    -6.34     0.000
  -14.36   -29.55   -35.96       -14.36   -29.55   -35.96     0.000
  -11.93   -24.53   -41.66       -11.93   -24.53   -41.66     0.000
    8.53   -13.71     2.81         8.53   -13.71     2.81     0.000
  -10.96     9.28    29.01       -10.96     9.28    29.01     0.000
  -14.63    -4.65   -47.34       -14.63    -4.65   -47.34     0.000
   -0.40   -17.79   -33.30        -0.40   -17.79   -33.30     0.000
  -38.91   -22.38   -19.53       -38.91   -22.38   -19.53     0.000
   -0.97   -20.95   -29.29        -0.97   -20.95   -29.29     0.000
  -27.03   -30.96   -19.02       -27.03   -30.96   -19.02     0.000
  -19.12   -31.37   -34.84       -19.12   -31.37   -34.84     0.000
   20.25    -8.06   -23.35        20.25    -8.06   -23.35     0.000
   32.38     5.28    15.60        32.38     5.28    15.60     0.000
   20.60    -6.96    14.29        20.60    -6.96    14.29     0.000
   18.20    26.59     3.28        18.20    26.59     3.28     0.000
   19.67    -4.82    30.37        19.67    -4.82    30.37     0.000
    9.35   -15.63    -1.95         9.35   -15.63    -1.95     0.000
  -15.03     8.44   -16.64       -15.03     8.44   -16.64     0.000
   -5.23    -1.78    54.20        -5.23    -1.78    54.20     0.000
  -10.74   -26.47   -38.56       -10.74   -26.47   -38.56     0.000
   -8.08   -26.86   -34.89        -8.08   -26.86   -34.89     0.000
   14.16    12.34    63.13        14.16    12.34    63.13     0.000
  -34.85   -23.63   -14.67       -34.85   -23.63   -14.67     0.000
    2.80    -1.84   -24.02         2.80    -1.84   -24.02     0.000
   -5.86     0.91   -37.39        -5.86     0.91   -37.39     0.000
  -25.40   -32.15   -30.69       -25.40   -32.15   -30.69     0.000
   14.44    -5.18    56.08        14.44    -5.18    56.08     0.000
  -29.71     7.04   -15.69       -29.71     7.04   -15.69     0.000
  -43.13   -11.44   -20.79       -43.13   -11.44   -20.79     0.000
   21.44    15.26    42.22        21.44    15.26    42.22     0.000
   -4.29    -9.38    15.53        -4.29    -9.38    15.53     0.000
   -4.26    13.56     5.78        -4.26    13.56     5.78     0.000
   17.28    26.10    -9.41        17.28    26.10    -9.41     0.000
   -7.57     3.39    31.52        -7.57     3.39    31.52     0.000
   -4.64    10.35    -2.58        -4.64    10.35    -2.58     0.000
   18.96    21.62    27.62        18.96    21.62    27.62     0.000
