200 PA4-C-Debug-Answer.txt 0
   34.30    16.16   -11.69        34.30    16.16   -11.69     0.000
  -28.10   -30.53   -19.49       -28.10   -30.53   -19.49     0.000
   -0.65    23.13    30.85        -0.65    23.13    30.85     0.000
   12.62   -10.58     9.16        12.62   -10.58     9.16     0.000
  -12.25    -1.02    11.52       -12.25    -1.02    11.52     0.000
  -15.00     4.66    -8.04       -15.00     4.66    -8.04     0.000
   -4.08    -0.32   -30.58        -4.08    -0.32   -30.58     0.000
  -33.38   -12.09    -7.45       -33.38   -12.09    -7.45     0.000
   13.79    -6.07    33.17        13.79    -6.07    33.17     0.000
  -13.14   -21.73    -9.10       -13.14   -21.73    -9.10     0.000
   34.00    -6.33   -16.01        34.00    -6.33   -16.01     0.000
  -29.08     1.01   -43.64       -29.08     1.01   -43.64     0.000
  -31.66     7.89   -32.90       -31.66     7.89   -32.90     0.000
  -39.65    -1.54   -16.62       -39.65    -1.54   -16.62     0.000
   -7.20   -20.31   -41.74        -7.20   -20.31   -41.74     0.000
    1.65     3.50   -21.59         1.65     3.50   -21.59     0.000
   33.90     7.84    12.68        33.90     7.84    12.68     0.000
    3.36     4.54   -19.75         3.36     4.54   -19.75     0.000
   -5.26    -8.80    17.04        -5.26    -8.80    17.04     0.000
    3.23    -3.21   -24.47         3.23    -3.21   -24.47     0.000
  -15.32   -24.11   -10.32       -15.32   -24.11   -10.32     0.000
   -3.67   -16.46   -39.83        -3.67   -16.46   -39.83     0.000
    6.21    -6.60   -23.51         6.21    -6.60   -23.51     0.000
   21.20    -1.45    41.95        21.20    -1.45    41.95     0.000
   -6.91     3.66    36.90        -6.91     3.66    36.90     0.000
   -6.59   -27.36   -23.87        -6.59   -27.36   -23.87     0.000
   10.16    -3.83    63.36        10.16    -3.83    63.36     0.000
   -1.40    19.12     8.78        -1.40    19.12     8.78     0.000
    3.27   -14.19   -24.46         3.27   -14.19   -24.46     0.000
    6.64     0.45    63.36         6.64     0.45    63.36     0.000
   12.52    24.80    15.79        12.52    24.80    15.79     0.000
    2.85    23.53    11.04         2.85    23.53    11.04     0.000
   18.54    11.57   -29.84        18.54    11.57   -29.84     0.000
    0.64    -6.68    54.41         0.64    -6.68    54.41     0.000
   17.54     2.02    62.96        17.54     2.02    62.96     0.000
   -3.86    -9.51    16.00        -3.86    -9.51    16.00     0.000
  -27.32   -30.12   -35.12       -27.32   -30.12   -35.12     0.000
  -15.93   -31.49   -32.03       -15.93   -31.49   -32.03     0.000
   12.44   -17.11    -7.20        12.44   -17.11    -7.20     0.000
  -14.13   -18.35   -46.35       -14.13   -18.35   -46.35     0.000
  -22.80    10.47   -35.14       -22.80    10.47   -35.14     0.000
   -6.04   -23.66   -15.57        -6.04   -23.66   -15.57     0.000
    2.71     4.42    63.54         2.71     4.42    63.54     0.000
  -10.72     7.31   -11.07       -10.72     7.31   -11.07     0.000
  -24.21   -31.12   -18.06       -24.21   -31.12   -18.06     0.000
   24.72     3.94    35.90        24.72     3.94    35.90     0.000
   33.66     3.14   -23.22        33.66     3.14   -23.22     0.000
    7.94    10.92    63.24         7.94    10.92    63.24     0.000
   37.68     3.45   -13.71        37.68     3.45   -13.71     0.000
    2.83   -12.00     8.13         2.83   -12.00     8.13     0.000
   14.35    23.81    20.17        14.35    23.81    20.17     0.000
   21.16   -12.46    -1.21        21.16   -12.46    -1.21     0.000
   -1.19   -14.49   -36.16        -1.19   -14.49   -36.16     0.000
    6.90    -3.38   -22.82         6.90    -3.38   -22.82     0.000
   23.82   -14.94   -15.55        23.82   -14.94   -15.55     0.000
   -4.98    16.61    44.84        -4.98    16.61    44.84     0.000
   11.97    18.61   -18.80        11.97    18.61   -18.80     0.000
  -34.78     2.48   -14.15       -34.78     2.48   -14.15     0.000
  -15.71    -3.23   -47.28       -15.71    -3.23   -47.28     0.000
   21.31    14.98   -30.37        21.31    14.98   -30.37     0.000
   -1.69    -7.70   -32.08        -1.69    -7.70   -32.08     0.000
   -9.26     8.77   -20.53        -9.26     8.77   -20.53     0.000
   17.70    -1.43    61.59        17.70    -1.43    61.59     0.000
   -9.34   -10.84     2.86        -9.34   -10.84     2.86     0.000
  -10.40   -25.82   -14.61       -10.40   -25.82   -14.61     0.000
  -35.30    -8.97   -44.66       -35.30    -8.97   -44.66     0.000
   -6.80     4.66    45.57        -6.80     4.66    45.57     0.000
  -15.84   -31.57   -31.55       -15.84   -31.57   -31.55     0.000
  -14.34    -2.76     5.76       -14.34    -2.76     5.76     0.000
   -0.53   -17.81   -33.85        -0.53   -17.81   -33.85     0.000
    0.35     9.80   -10.99         0.35     9.80   -10.99     0.000
   20.63   -11.12     1.62        20.63   -11.12     1.62     0.000
    3.10     2.75   -21.45         3.10     2.75   -21.45     0.000
  -30.11     8.68   -32.80       -30.11     8.68   -32.80     0.000
  -20.74   -31.97   -20.03       -20.74   -31.97   -20.03     0.000
  -10.54   -20.28   -43.90       -10.54   -20.28   -43.90     0.000
  -12.08     5.52     6.23       -12.08     5.52     6.23     0.000
  -37.36   -10.45   -42.85       -37.36   -10.45   -42.85     0.000
   -4.53    -2.72    54.14        -4.53    -2.72    54.14     0.000
  -30.62   -30.09   -31.34       -30.62   -30.09   -31.34     0.000
   -6.55   -11.49     3.99        -6.55   -11.49     3.99     0.000
  -21.35     6.10   -14.86       -21.35     6.10   -14.86     0.000
   12.36    -6.12    35.91        12.36    -6.12    35.91     0.000
  -15.68     4.70   -42.47       -15.68     4.70   -42.47     0.000
  -26.26   -11.75   -48.34       -26.26   -11.75   -48.34     0.000
  -18.04   -13.23   -48.81       -18.04   -13.23   -48.81     0.000
    9.72    -6.87    53.18         9.72    -6.87    53.18     0.000
  -15.46    20.84    24.54       -15.46    20.84    24.54     0.000
   -5.15     0.71   -34.62        -5.15     0.71   -34.62     0.000
   24.72     4.14    36.01        24.72     4.14    36.01     0.000
  -13.67    10.60    23.97       -13.67    10.60    23.97     0.000
   16.72    -6.38    23.40        16.72    -6.38    23.40     0.000
   17.41   -10.03   -20.68        17.41   -10.03   -20.68     0.000
  -25.34   -18.06   -47.19       -25.34   -18.06   -47.19     0.000
   -7.10     7.82    41.48        -7.10     7.82    41.48     0.000
    4.94    24.12     7.67         4.94    24.12     7.67     0.000
   34.30    -6.13   -14.04        34.30    -6.13   -14.04     0.000
  -18.83   -22.55    -8.47       -18.83   -22.55    -8.47     0.000
   11.67   -14.90   -14.74        11.67   -14.90   -14.74     0.000
   26.65    -3.55    18.98        26.65    -3.55    18.98     0.000
  -33.54   -27.54   -19.13       -33.54   -27.54   -19.13     0.000
    6.97    10.01   -12.69         6.97    10.01   -12.69     0.000
   -8.19    -2.83    24.07        -8.19    -2.83    24.07     0.000
    0.97     3.21   -22.41         0.97     3.21   -22.41     0.000
   27.14    22.94   -10.65        27.14    22.94   -10.65     0.000
  -39.72   -11.35   -38.51       -39.72   -11.35   -38.51     0.000
   -4.55    -2.83    59.85        -4.55    -2.83    59.85     0.000
   28.91    15.21    16.06        28.91    15.21    16.06     0.000
    8.71   -10.93    10.66         8.71   -10.93    10.66     0.000
   35.82    13.40     8.17        35.82    13.40     8.17     0.000
   16.33    20.26    46.26        16.33    20.26    46.26     0.000
   39.14     2.58     6.67        39.14     2.58     6.67     0.000
   -0.08     7.77   -17.66        -0.08     7.77   -17.66     0.000
   10.92   -15.06   -14.50        10.92   -15.06   -14.50     0.000
   -6.96     6.69    45.02        -6.96     6.69    45.02     0.000
   34.42     5.16   -22.05        34.42     5.16   -22.05     0.000
  -21.19    -7.96    -3.72       -21.19    -7.96    -3.72     0.000
   35.17    13.67   -14.17        35.17    13.67   -14.17     0.000
  -23.95   -20.36    -6.80       -23.95   -20.36    -6.80     0.000
   22.85     1.37    41.53        22.85     1.37    41.53     0.000
  -11.16   -10.80     1.94       -11.16   -10.80     1.94     0.000
   34.56     7.29    11.91        34.56     7.29    11.91     0.000
  -18.14    -1.37   -47.07       -18.14    -1.37   -47.07     0.000
    1.44     1.58   -23.39         1.44     1.58   -23.39     0.000
   17.38     3.24    62.99        17.38     3.24    62.99     0.000
   35.44    15.34     1.09        35.44    15.34     1.09     0.000
   36.44    12.93   -10.05        36.44    12.93   -10.05     0.000
   26.23    -9.94     1.15        26.23    -9.94     1.15     0.000
   22.03    -3.22    30.34        22.03    -3.22    30.34     0.000
   12.74    21.05   -26.38        12.74    21.05   -26.38     0.000
   15.93    24.73   -16.19        15.93    24.73   -16.19     0.000
   10.40     6.09    62.89        10.40     6.09    62.89     0.000
  -41.49    -5.74   -34.03       -41.49    -5.74   -34.03     0.000
    7.38    -7.48    24.76         7.38    -7.48    24.76     0.000
  -42.15    -1.80   -24.29       -42.15    -1.80   -24.29     0.000
   17.27    18.77   -30.58        17.27    18.77   -30.58     0.000
   24.88    -5.71    14.58        24.88    -5.71    14.58     0.000
  -27.28   -30.19   -17.51       -27.28   -30.19   -17.51     0.000
   23.02     9.45   -30.70        23.02     9.45   -30.70     0.000
   -0.08   -14.29   -33.53        -0.08   -14.29   -33.53     0.000
   -5.71    11.07    54.25        -5.71    11.07    54.25     0.000
   -0.85   -17.01    -7.27        -0.85   -17.01    -7.27     0.000
   -5.43    11.84    53.69        -5.43    11.84    53.69     0.000
   32.49    14.95   -20.05        32.49    14.95   -20.05     0.000
  -12.58     5.76   -39.81       -12.58     5.76   -39.81     0.000
   27.78    22.50     3.66        27.78    22.50     3.66     0.000
    3.88   -10.08    16.25         3.88   -10.08    16.25     0.000
  -11.03    23.77    30.13       -11.03    23.77    30.13     0.000
    1.67   -16.85    -7.81         1.67   -16.85    -7.81     0.000
    4.37   -16.91    -9.59         4.37   -16.91    -9.59     0.000
  -10.24   -29.00   -32.70       -10.24   -29.00   -32.70     0.000
  -33.74   -28.09   -31.31       -33.74   -28.09   -31.31     0.000
   18.28   -15.43   -15.97        18.28   -15.43   -15.97     0.000
   -4.23   -23.13   -16.90        -4.23   -23.13   -16.90     0.000
    3.75   -17.69   -14.90         3.75   -17.69   -14.90     0.000
   -5.48     9.22    -4.63        -5.48     9.22    -4.63     0.000
  -32.31    -6.94   -46.06       -32.31    -6.94   -46.06     0.000
  -27.42    -3.63    -9.89       -27.42    -3.63    -9.89     0.000
   36.75     7.76   -14.00        36.75     7.76   -14.00     0.000
  -10.52   -29.17   -21.18       -10.52   -29.17   -21.18     0.000
   -7.06   -25.49   -35.82        -7.06   -25.49   -35.82     0.000
  -31.30   -23.73   -11.35       -31.30   -23.73   -11.35     0.000
    2.74   -17.71   -10.96         2.74   -17.71   -10.96     0.000
  -30.79   -29.35   -33.54       -30.79   -29.35   -33.54     0.000
   -7.19    14.88    11.57        -7.19    14.88    11.57     0.000
   35.16     5.70   -20.71        35.16     5.70   -20.71     0.000
   15.38    -1.03   -22.02        15.38    -1.03   -22.02     0.000
  -17.92    -7.47   -48.32       -17.92    -7.47   -48.32     0.000
   18.53    26.20    -8.78        18.53    26.20    -8.78     0.000
  -43.03   -10.47   -20.12       -43.03   -10.47   -20.12     0.000
  -14.58     9.32   -35.77       -14.58     9.32   -35.77     0.000
    1.06    18.64     4.87         1.06    18.64     4.87     0.000
  -39.35   -16.66   -37.55       -39.35   -16.66   -37.55     0.000
   -7.20     8.93    -1.49        -7.20     8.93    -1.49     0.000
    4.81   -12.91   -22.93         4.81   -12.91   -22.93     0.000
   -7.14   -26.40   -33.86        -7.14   -26.40   -33.86     0.000
    1.25    -6.94    62.45         1.25    -6.94    62.45     0.000
   30.40     2.11   -28.23        30.40     2.11   -28.23     0.000
  -20.02    -8.39   -48.92       -20.02    -8.39   -48.92     0.000
   18.19    23.25    18.80        18.19    23.25    18.80     0.000
    3.95    -8.48   -25.31         3.95    -8.48   -25.31     0.000
   -2.50   -21.64   -34.13        -2.50   -21.64   -34.13     0.000
  -18.53   -32.50   -29.70       -18.53   -32.50   -29.70     0.000
  -24.40    11.66   -29.51       -24.40    11.66   -29.51     0.000
   14.87     5.79   -19.23        14.87     5.79   -19.23     0.000
  -29.41   -29.24   -17.89       -29.41   -29.24   -17.89     0.000
   -6.96    13.52    43.05        -6.96    13.52    43.05     0.000
   -8.78    -9.45   -46.12        -8.78    -9.45   -46.12     0.000
   10.45    -6.37    37.60        10.45    -6.37    37.60     0.000
  -28.64   -31.00   -31.18       -28.64   -31.00   -31.18     0.000
   -6.64    16.00    12.11        -6.64    16.00    12.11     0.000
  -29.35   -27.36   -14.03       -29.35   -27.36   -14.03     0.000
  -39.22     2.08   -21.38       -39.22     2.08   -21.38     0.000
   -3.47    17.94    10.00        -3.47    17.94    10.00     0.000
   19.25    25.25     8.63        19.25    25.25     8.63     0.000
    3.50    21.34     3.79         3.50    21.34     3.79     0.000
   11.19    19.42    61.74        11.19    19.42    61.74     0.000
   35.22     2.27   -20.28        35.22     2.27   -20.28     0.000
  -39.43   -15.17   -38.37       -39.43   -15.17   -38.37     0.000
    7.63   -16.25   -14.26         7.63   -16.25   -14.26     0.000
