75 PA4-A-Debug-Output.txt 0
   23.41    -1.72    32.07        23.41    -1.72    32.07     0.000
  -34.00   -10.20   -46.00       -34.00   -10.20   -46.00     0.000
   -6.89     7.32    50.00        -6.89     7.32    50.00     0.000
   12.46    22.10    35.65        12.46    22.10    35.65     0.000
  -39.75   -12.67   -35.53       -39.75   -12.67   -35.53     0.000
  -38.81   -21.95   -18.46       -38.81   -21.95   -18.46     0.000
   32.73    -1.27   -24.40        32.73    -1.27   -24.40     0.000
  -18.68   -19.86   -46.96       -18.68   -19.86   -46.96     0.000
    3.00    19.55    47.30         3.00    19.55    47.30     0.000
  -16.60   -30.70   -18.83       -16.60   -30.70   -18.83     0.000
  -32.78    -3.16    -9.91       -32.78    -3.16    -9.91     0.000
   35.27    11.54     9.79        35.27    11.54     9.79     0.000
    3.99    -7.27    54.08         3.99    -7.27    54.08     0.000
    7.82    20.67    45.02         7.82    20.67    45.02     0.000
  -34.30    -6.64    -9.11       -34.30    -6.64    -9.11     0.000
    6.78   -15.76    -5.33         6.78   -15.76    -5.33     0.000
   -8.43   -25.67   -37.29        -8.43   -25.67   -37.29     0.000
  -15.37    -0.87     3.84       -15.37    -0.87     3.84     0.000
   25.99    -1.71    24.31        25.99    -1.71    24.31     0.000
   21.08     6.20   -29.05        21.08     6.20   -29.05     0.000
    3.47   -12.59     4.07         3.47   -12.59     4.07     0.000
  -26.94   -29.77   -16.36       -26.94   -29.77   -16.36     0.000
   15.00    11.83   -24.14        15.00    11.83   -24.14     0.000
   19.92    17.55   -30.15        19.92    17.55   -30.15     0.000
   28.36    -3.05    16.94        28.36    -3.05    16.94     0.000
  -35.46   -17.25   -10.12       -35.46   -17.25   -10.12     0.000
  -25.02   -19.48    -6.80       -25.02   -19.48    -6.80     0.000
  -25.49   -31.29   -18.55       -25.49   -31.29   -18.55     0.000
  -31.99   -29.82   -26.78       -31.99   -29.82   -26.78     0.000
   -3.82    -3.54    53.81        -3.82    -3.54    53.81     0.000
    5.58    18.69    -3.34         5.58    18.69    -3.34     0.000
    3.41    -6.98    39.30         3.41    -6.98    39.30     0.000
    1.32     6.16   -19.14         1.32     6.16   -19.14     0.000
   33.56    13.80    11.10        33.56    13.80    11.10     0.000
   -9.31    -5.83    12.75        -9.31    -5.83    12.75     0.000
    2.24    20.04    43.18         2.24    20.04    43.18     0.000
   19.54    -7.18    14.43        19.54    -7.18    14.43     0.000
  -28.14     1.17   -12.67       -28.14     1.17   -12.67     0.000
    9.47   -14.09     2.31         9.47   -14.09     2.31     0.000
   -5.77     7.07   -22.40        -5.77     7.07   -22.40     0.000
  -39.87   -11.52   -13.76       -39.87   -11.52   -13.76     0.000
   18.29   -14.90   -16.61        18.29   -14.90   -16.61     0.000
  -25.86   -26.78   -40.77       -25.86   -26.78   -40.77     0.000
    2.86    21.20    36.96         2.86    21.20    36.96     0.000
    2.90   -18.14   -12.42         2.90   -18.14   -12.42     0.000
  -37.49   -13.12   -42.65       -37.49   -13.12   -42.65     0.000
  -13.27    -3.17   -46.86       -13.27    -3.17   -46.86     0.000
  -19.84   -21.33   -46.61       -19.84   -21.33   -46.61     0.000
   10.69    26.44     4.95        10.69    26.44     4.95     0.000
  -16.02   -31.55   -31.87       -16.02   -31.55   -31.87     0.000
  -14.01    22.07    22.26       -14.01    22.07    22.26     0.000
   27.18    -5.66   -25.52        27.18    -5.66   -25.52     0.000
    6.05    -7.35    57.03         6.05    -7.35    57.03     0.000
    8.25   -13.86     2.27         8.25   -13.86     2.27     0.000
   17.32    -6.13    25.09        17.32    -6.13    25.09     0.000
   20.24    14.57    52.18        20.24    14.57    52.18     0.000
  -22.48   -31.24   -18.16       -22.48   -31.24   -18.16     0.000
   13.02    21.46   -26.76        13.02    21.46   -26.76     0.000
   26.71    23.05     4.78        26.71    23.05     4.78     0.000
   -2.00   -22.22   -31.39        -2.00   -22.22   -31.39     0.000
   -7.25   -26.63   -33.59        -7.25   -26.63   -33.59     0.000
    3.37   -10.93    12.41         3.37   -10.93    12.41     0.000
   17.54    -2.75    57.03        17.54    -2.75    57.03     0.000
  -36.94   -10.39    -9.51       -36.94   -10.39    -9.51     0.000
   -6.84    19.03    13.53        -6.84    19.03    13.53     0.000
    3.21    -7.35    61.14         3.21    -7.35    61.14     0.000
    8.32    24.66    16.53         8.32    24.66    16.53     0.000
    0.98     8.91   -14.26         0.98     8.91   -14.26     0.000
   25.10    -2.75    23.81        25.10    -2.75    23.81     0.000
    0.66    -8.02   -28.31         0.66    -8.02   -28.31     0.000
    5.76    -7.15    33.09         5.76    -7.15    33.09     0.000
    3.16   -14.14   -24.69         3.16   -14.14   -24.69     0.000
  -27.66   -13.95   -47.80       -27.66   -13.95   -47.80     0.000
  -31.78     7.59   -33.39       -31.78     7.59   -33.39     0.000
  -25.32     2.90   -43.78       -25.32     2.90   -43.78     0.000
