400 PA5-F-Debug-Output.txt 6
  -40.8279  183.0878  -54.7688 -157.2475   77.6152 -134.3133
   -1.13     6.62    42.77        -1.11     6.64    42.77     0.032
  -38.75   -20.59   -15.70       -38.73   -20.57   -15.74     0.047
   30.67     1.67   -29.75        30.65     1.68   -29.75     0.020
  -23.94   -34.11   -33.63       -23.96   -34.28   -33.61     0.168
  -41.17     6.36   -31.25       -41.09     6.28   -31.24     0.109
    8.19    13.76     5.78         8.24    13.66     5.82     0.119
  -30.03   -24.16   -12.09       -30.04   -24.17   -12.14     0.056
    1.39    -7.62   -29.15         1.33    -7.61   -29.13     0.059
   19.37    25.47    16.20        19.44    25.50    16.24     0.084
   -8.93   -12.18   -45.18        -8.96   -12.17   -45.14     0.055
  -43.80     1.79   -27.17       -43.78     1.79   -27.17     0.024
   -5.30   -13.37    -4.48        -5.30   -13.38    -4.47     0.019
   16.52    26.31     2.35        16.59    26.20     2.36     0.136
   24.83    22.78    10.52        24.86    22.81    10.53     0.051
    6.03     0.39   -23.08         6.00     0.37   -23.05     0.050
   18.68    18.11    35.67        18.54    18.15    35.65     0.146
    4.93    -3.48    36.20         5.01    -3.38    36.17     0.131
   -7.74    14.64    30.33        -7.71    14.59    30.36     0.062
   12.96    21.09    -0.78        13.02    21.08    -0.77     0.070
   18.87    -3.39     9.80        18.79    -3.36     9.73     0.115
    9.01    20.88    58.03         8.97    20.92    58.03     0.055
    1.18    17.93    34.51         1.19    17.86    34.53     0.073
  -15.69     5.24   -51.85       -15.70     5.25   -51.87     0.021
    3.82    -4.14    27.01         3.81    -4.14    27.01     0.008
  -41.82   -17.11   -16.14       -41.80   -17.10   -16.15     0.026
    6.49   -13.91   -23.36         6.46   -13.91   -23.32     0.052
   12.86    13.26    -0.96        12.88    13.25    -0.94     0.027
  -42.37   -19.94   -38.37       -42.41   -19.97   -38.37     0.049
   11.39    -0.25   -21.39        11.37    -0.24   -21.41     0.037
  -34.30     7.01   -46.11       -34.29     6.98   -46.10     0.031
    2.89   -25.56   -25.13         2.86   -25.50   -25.11     0.070
    6.42    -7.88    26.13         6.42    -7.87    26.13     0.008
  -30.16   -18.32    -9.71       -30.17   -18.33    -9.70     0.021
    6.81     8.41    67.22         6.79     8.51    67.24     0.101
    0.57   -24.42    -8.60         0.57   -24.40    -8.56     0.036
    7.08    16.55    51.21         7.02    16.65    51.24     0.126
   14.48    24.71     6.47        14.48    24.71     6.47     0.002
    3.24    18.15    36.53         3.22    18.04    36.53     0.105
   15.01   -11.80     9.62        15.00   -11.69     9.57     0.121
   24.98    24.25     0.32        24.96    24.21     0.31     0.042
    9.90   -16.95    -0.81         9.87   -16.98    -0.80     0.036
    0.44    15.23    21.46         0.45    15.22    21.47     0.015
    3.23     8.52     0.18         3.20     8.57     0.17     0.068
   11.51     0.77   -20.37        11.51     0.79   -20.40     0.036
    9.33    18.17    35.75         9.30    18.25    35.75     0.086
   12.48    19.77    -0.14        12.44    19.71    -0.06     0.108
   13.04    23.46    59.61        13.00    23.44    59.60     0.039
  -24.57   -29.17   -15.08       -24.57   -29.15   -15.10     0.030
   -2.57    -4.67     8.59        -2.54    -4.66     8.57     0.043
  -37.43   -13.50   -54.17       -37.47   -13.51   -54.24     0.075
    4.95    -8.47    11.03         4.92    -8.52    11.05     0.057
   17.40    11.06    34.38        17.45    11.06    34.38     0.048
   17.36    10.97    34.08        17.47    10.97    34.08     0.107
    5.33   -20.63    -9.75         5.34   -20.65    -9.73     0.032
   10.49   -11.52    15.79        10.58   -11.62    15.81     0.133
    6.37    -3.56    62.79         6.37    -3.59    62.79     0.031
   -3.26    -9.82   -34.20        -3.27    -9.80   -34.22     0.032
   34.48     3.36    -7.26        34.51     3.34    -7.26     0.035
  -34.27   -23.40   -14.10       -34.26   -23.39   -14.11     0.019
   -9.41    10.28   -30.05        -9.44    10.27   -30.04     0.038
   12.31    24.26    51.89        12.19    24.36    51.86     0.163
   29.07     2.67     4.33        29.08     2.67     4.33     0.013
   14.59     3.37    42.39        14.64     3.33    42.39     0.064
   -4.92     7.98    44.18        -4.86     8.16    44.16     0.193
   -1.32     8.69    49.98        -1.31     8.68    49.98     0.014
   11.41    14.49     2.66        11.41    14.49     2.66     0.001
    1.25     2.71    64.66         0.98     2.67    64.86     0.338
  -24.63    -5.31   -56.60       -24.64    -5.32   -56.57     0.033
    5.60    -3.72   -24.18         5.58    -3.70   -24.17     0.031
  -15.70   -28.97   -45.09       -15.68   -29.05   -45.13     0.095
    2.99    -0.91    38.87         2.82    -1.12    38.91     0.266
  -24.53   -28.53   -47.50       -24.52   -28.52   -47.49     0.022
  -14.88   -25.88   -12.28       -14.88   -25.87   -12.28     0.009
    7.36    -2.86    45.98         7.35    -2.95    45.98     0.091
   21.41    25.57    12.79        21.44    25.58    12.82     0.043
    6.12     9.45    64.60         6.11     9.48    64.62     0.043
   17.47     8.94    31.86        17.57     8.94    31.86     0.100
  -40.33   -13.01   -51.41       -40.33   -13.01   -51.40     0.005
    7.88    -3.10    55.60         7.85    -3.05    55.60     0.061
   -5.81    16.12    34.75        -5.81    16.12    34.75     0.007
    5.88   -20.21    -9.70         5.91   -20.25    -9.66     0.060
  -20.55    13.01   -42.63       -20.57    13.06   -42.70     0.080
    2.46    16.96    29.49         2.46    16.96    29.49     0.004
  -17.78   -29.55   -45.40       -17.79   -29.46   -45.36     0.105
    9.90    -6.75    29.00         9.77    -6.68    28.95     0.157
  -11.96   -15.10    -6.32       -11.96   -15.09    -6.34     0.022
  -28.08     9.05   -44.77       -28.09     9.09   -44.80     0.050
    6.95    -3.83    37.76         6.91    -4.12    37.80     0.297
  -44.31    -7.12   -26.29       -44.39    -7.15   -26.31     0.087
   25.55    -1.70     4.32        25.54    -1.68     4.31     0.027
    3.86    -2.64    55.52         3.74    -2.72    55.51     0.144
    1.74    -7.63   -28.20         1.74    -7.63   -28.20     0.001
    0.32     3.06    43.64         0.31     3.06    43.64     0.014
   15.27    -6.86    15.34        15.34    -6.92    15.39     0.095
   13.63    16.42    -2.17        13.61    16.41    -2.20     0.043
   15.53    25.65     4.58        15.51    25.67     4.58     0.026
  -35.95   -10.18   -55.49       -35.93   -10.19   -55.44     0.061
   20.52   -14.10     1.87        20.48   -14.10     1.85     0.045
    4.49    15.78    48.28         4.50    15.77    48.28     0.005
    3.13    -1.34   -25.98         3.10    -1.36   -25.94     0.055
   -9.43     9.53    33.08        -9.47     9.44    33.06     0.103
    3.32    -7.50    10.19         3.37    -7.46    10.16     0.069
   19.38    12.97   -25.78        19.35    12.93   -25.77     0.053
    0.17     4.61    50.97        -0.03     4.55    50.98     0.207
   29.56    17.83    -7.80        29.64    17.85    -7.78     0.079
   17.80    13.01    30.99        17.91    13.00    30.99     0.107
  -39.30   -27.69   -32.23       -39.20   -27.63   -32.22     0.117
   32.61     1.06    -7.92        32.67     0.94    -7.93     0.133
   -5.91   -28.91   -15.98        -5.90   -28.93   -15.96     0.029
   13.78     8.00   -11.00        13.79     7.95   -10.98     0.053
  -15.61    -4.01   -56.55       -15.59    -4.01   -56.56     0.016
   15.56    14.84    50.64        15.50    14.83    50.63     0.061
    1.07    -8.57     6.06         1.10    -8.48     6.01     0.110
    3.37    15.32    21.02         3.30    15.44    20.99     0.145
  -33.12     9.35   -24.95       -33.12     9.35   -24.95     0.005
    0.32    16.72    31.56         0.34    16.69    31.56     0.035
   14.17     9.97    -6.15        14.27     9.83    -6.13     0.171
   33.46     5.66   -16.54        33.46     5.66   -16.54     0.008
  -34.36     7.81   -21.59       -34.35     7.81   -21.59     0.009
   32.82    14.91   -16.85        32.82    14.91   -16.85     0.007
  -13.78   -28.80   -44.20       -13.80   -28.78   -44.18     0.035
   -7.55     4.26    -8.23        -7.56     4.29    -8.22     0.027
   -1.28    12.34    48.55        -1.25    12.33    48.54     0.027
  -23.59   -28.02   -13.75       -23.58   -28.01   -13.77     0.017
   16.10     8.95    52.08        16.19     8.97    52.08     0.096
  -35.56     2.50   -49.74       -35.54     2.46   -49.70     0.065
  -20.02   -32.87   -39.61       -19.98   -32.93   -39.64     0.077
   -5.34    -9.33   -39.28        -5.29    -9.34   -39.29     0.057
   32.20    13.05    -8.02        32.19    13.04    -8.02     0.005
   12.12     1.47   -19.76        12.12     1.47   -19.75     0.013
   26.88    22.28    -1.15        26.88    22.30    -1.16     0.029
   17.19    16.44   -27.13        17.25    16.44   -27.12     0.066
   32.61    12.95   -11.45        32.57    12.86   -11.45     0.095
   22.15    -0.55     9.61        22.20    -0.61     9.67     0.105
   -1.43    14.35    22.91        -1.26    14.24    22.99     0.220
   26.39    -0.93     5.12        26.37    -0.90     5.10     0.046
   16.94    27.10    11.54        16.96    27.19    11.51     0.093
  -35.69    -0.27   -11.18       -35.69    -0.26   -11.17     0.015
  -42.98    -7.47   -15.67       -43.00    -7.47   -15.66     0.024
   14.75     2.88    57.40        14.67     2.95    57.40     0.099
    9.25    18.41    39.15         9.32    18.23    39.14     0.192
  -21.61   -27.12   -12.90       -21.61   -27.11   -12.91     0.010
   -1.85     7.19    12.54        -1.81     7.16    12.55     0.050
   -2.83   -27.01   -13.66        -2.82   -26.97   -13.67     0.046
    3.54    15.77    24.01         3.39    16.14    23.95     0.403
   17.19     9.94    36.90        17.25     9.94    36.90     0.061
   -3.43   -17.51   -37.31        -3.40   -17.50   -37.32     0.032
   30.36     0.44   -16.68        30.35     0.46   -16.68     0.014
    0.83    15.39    21.53         0.82    15.40    21.53     0.010
   13.16    11.59    63.48        13.14    11.62    63.42     0.068
  -40.53    -6.24   -46.46       -40.55    -6.23   -46.47     0.027
  -30.26    12.24   -27.36       -30.37    12.38   -27.32     0.185
  -44.08    -8.88   -17.82       -44.09    -8.89   -17.81     0.017
   -3.07   -24.77    -8.61        -3.07   -24.77    -8.61     0.001
    3.47     4.79    65.83         3.46     4.80    65.85     0.020
   -7.26    13.37    28.97        -7.28    13.36    28.93     0.044
   18.68    25.53    -7.88        18.67    25.55    -7.89     0.020
    2.15    -1.14    56.68         2.13    -1.16    56.68     0.031
   12.97   -17.91    -8.57        12.99   -17.83    -8.52     0.101
    9.51    18.97    29.14         9.50    18.98    29.14     0.013
    5.84    16.08    16.96         5.77    16.17    16.96     0.113
  -25.90   -30.96   -18.04       -25.91   -31.01   -18.02     0.057
    0.29    14.99    21.19         0.31    14.97    21.21     0.032
  -20.39   -26.62   -51.16       -20.40   -26.60   -51.14     0.030
   18.25    23.95   -23.76        18.25    23.96   -23.77     0.013
    8.78    -2.83    36.51         8.83    -2.85    36.52     0.054
   -5.63    -7.33   -39.47        -5.60    -7.33   -39.48     0.029
   -0.77     6.21    39.99        -0.70     6.27    39.99     0.090
   -4.22   -12.32   -35.68        -4.29   -12.35   -35.66     0.075
   -3.42     4.07    13.76        -3.37     4.07    13.75     0.048
  -28.12   -33.85   -26.68       -28.11   -33.88   -26.67     0.033
  -13.85   -22.89   -50.61       -13.84   -22.89   -50.64     0.028
   16.56   -11.43     8.71        16.41   -11.24     8.64     0.244
    2.30    -6.26   -27.73         2.35    -6.29   -27.74     0.057
  -14.59   -31.49   -41.59       -14.61   -31.45   -41.57     0.053
    1.67    -6.75   -29.16         1.66    -6.75   -29.16     0.010
   29.09    -1.50   -22.59        29.11    -1.51   -22.58     0.023
  -16.89   -27.36   -13.99       -16.89   -27.32   -14.01     0.051
   -9.43     3.08    -7.67        -9.50     3.25    -7.58     0.198
   16.63    21.00   -10.69        16.62    21.00   -10.69     0.015
   28.50    21.50    -5.19        28.50    21.49    -5.19     0.009
   20.04    -4.21     6.42        20.00    -4.16     6.41     0.070
  -23.62    -5.20   -56.58       -23.62    -5.20   -56.57     0.017
  -15.99   -19.08   -54.06       -15.99   -19.08   -54.07     0.007
   17.06     6.05    31.61        17.22     6.02    31.63     0.163
   -8.70     8.39    34.82        -8.66     8.48    34.85     0.099
   15.03    24.21    -1.60        15.02    24.22    -1.60     0.006
   -4.25     8.03    42.64        -4.31     7.86    42.65     0.183
   -5.93   -25.58   -36.72        -5.91   -25.59   -36.74     0.038
  -18.02   -33.53   -28.74       -18.03   -33.50   -28.74     0.030
  -34.15   -31.00   -38.03       -34.17   -31.02   -38.04     0.026
   12.37    -4.67    25.47        12.21    -4.64    25.44     0.171
   -3.34   -21.26   -38.73        -3.32   -21.26   -38.75     0.029
    8.02    -4.32    37.88         7.98    -4.30    37.87     0.050
   24.17    -6.50    -7.27        24.21    -6.52    -7.27     0.048
   -5.57    11.35    28.34        -5.54    11.37    28.39     0.067
    8.74    10.79    66.16         8.75    10.77    66.12     0.046
    9.05    13.40     6.00         9.04    13.41     5.99     0.007
   18.50    25.49    17.55        18.54    25.51    17.58     0.045
   -6.70    -3.24     3.59        -6.75    -3.32     3.65     0.104
    0.88    -0.66    29.37         0.89    -0.65    29.37     0.012
  -13.52   -25.30   -11.30       -13.53   -25.28   -11.34     0.046
   31.02    13.92   -20.26        30.97    13.89   -20.25     0.058
  -43.18     2.74   -31.39       -43.13     2.72   -31.39     0.053
  -21.03   -17.15   -56.05       -21.04   -17.14   -56.04     0.016
    8.75     6.31    63.71         8.75     6.31    63.70     0.007
   26.67    19.08     4.49        26.68    19.08     4.49     0.016
    7.91    -2.58    48.57         7.96    -2.66    48.57     0.092
  -13.76   -16.82    -7.42       -13.75   -16.82    -7.44     0.015
  -29.80   -28.01   -45.67       -29.84   -28.13   -45.75     0.150
   22.04    18.35   -25.53        22.05    18.36   -25.54     0.020
    8.13     9.74    -3.38         8.13     9.75    -3.39     0.014
   32.88     4.62    -5.68        32.85     4.62    -5.70     0.030
    8.32    -2.64    52.69         8.31    -2.61    52.69     0.028
   33.15     7.35   -21.66        33.14     7.35   -21.66     0.007
   30.91     1.26    -1.52        30.84     1.31    -1.57     0.099
   -0.77     4.42    27.97        -0.84     4.37    27.99     0.086
  -22.86   -16.59    -8.96       -22.85   -16.58    -9.02     0.065
  -24.34    15.24   -23.04       -24.34    15.33   -23.03     0.094
   32.95     4.19   -22.69        32.99     4.19   -22.70     0.045
   19.04     1.07    16.14        19.07     1.05    16.15     0.031
   12.78    23.92    58.82        12.81    23.94    58.82     0.036
  -15.68   -27.32   -14.32       -15.70   -27.24   -14.35     0.084
   -1.38   -17.01    -6.86        -1.38   -17.01    -6.85     0.003
    4.86    -2.69    39.04         4.84    -2.73    39.05     0.039
   18.01    19.69    38.52        18.11    19.67    38.54     0.101
   16.10     7.00    52.02        15.93     7.03    52.01     0.168
  -43.54     0.81   -34.12       -43.53     0.80   -34.11     0.007
   16.06    23.00    28.83        16.06    23.00    28.83     0.008
    7.97    -4.45    37.28         7.97    -4.45    37.28     0.005
  -38.05    -4.45   -11.05       -38.05    -4.45   -11.06     0.011
   32.85     8.01   -21.31        32.81     7.98   -21.31     0.047
   -9.97   -30.47   -28.41        -9.96   -30.47   -28.41     0.002
  -14.41   -19.98   -52.30       -14.38   -20.01   -52.34     0.055
    1.08    16.19    45.40         1.07    16.04    45.33     0.168
  -27.52   -23.38   -52.98       -27.54   -23.41   -53.01     0.047
   17.17   -13.03     4.74        17.17   -13.00     4.69     0.063
   11.14    -0.69    41.14        11.19    -0.75    41.16     0.076
   -2.85     5.52   -21.84        -2.85     5.53   -21.84     0.018
    1.69    15.10    47.00         1.69    15.14    47.00     0.034
   26.42    -3.92   -17.13        26.42    -3.92   -17.13     0.003
   15.06     9.41    62.87        15.07     9.41    62.95     0.079
  -13.15     0.60   -51.76       -13.15     0.60   -51.76     0.006
    7.21    18.56    55.88         7.12    18.65    55.87     0.127
   13.33    -1.43    27.32        13.31    -1.39    27.32     0.040
  -12.41   -27.08   -13.86       -12.39   -27.14   -13.84     0.070
  -11.85   -27.51   -14.65       -11.84   -27.54   -14.58     0.079
  -16.35   -21.26    -8.70       -16.34   -21.29    -8.64     0.073
   -1.28   -20.87   -37.30        -1.27   -20.86   -37.32     0.021
  -20.28   -33.66   -38.37       -20.26   -33.69   -38.38     0.041
   -8.00   -24.44    -9.68        -8.01   -24.46    -9.66     0.038
  -44.29    -9.52   -24.09       -44.36    -9.52   -24.10     0.066
  -31.77    -4.38   -55.53       -31.77    -4.39   -55.50     0.030
    6.80    -3.07    49.01         6.80    -3.05    49.01     0.020
   22.69     5.52    12.05        22.77     5.49    12.12     0.112
   -1.52    -8.05   -31.82        -1.53    -8.04   -31.80     0.020
  -22.19   -10.07   -57.20       -22.21   -10.06   -57.12     0.085
   23.97    -3.24     1.56        23.98    -3.26     1.56     0.021
   16.55    26.01    -0.63        16.65    25.84    -0.60     0.201
   28.49    -1.55   -23.25        28.42    -1.56   -23.30     0.080
   16.68    -8.71    11.89        16.58    -8.64    11.82     0.135
    8.25    14.58     8.64         8.25    14.57     8.64     0.004
    7.17    -3.20    43.07         7.20    -3.04    43.05     0.169
  -30.87    11.19   -40.77       -30.86    11.16   -40.75     0.048
   20.42     0.94    13.05        20.53     0.89    13.13     0.147
    1.47     0.65    42.05         1.52     0.70    42.05     0.065
  -25.97   -20.38    -9.47       -25.97   -20.38    -9.44     0.028
    6.93     9.31    -2.97         6.91     9.36    -2.98     0.049
   16.67    18.26   -20.37        16.59    18.24   -20.37     0.087
   14.06     1.07    36.57        14.03     1.10    36.56     0.040
  -36.74     5.39   -20.61       -36.74     5.39   -20.61     0.000
   20.58    22.58    21.73        20.63    22.67    21.74     0.106
    7.64    -2.66    49.92         7.78    -2.83    49.91     0.223
   22.23    -5.71   -12.93        22.23    -5.68   -12.93     0.029
   17.26     5.66   -21.46        17.30     5.62   -21.48     0.050
  -40.39     6.18   -35.93       -40.42     6.21   -35.93     0.038
  -26.96   -28.45   -46.51       -26.95   -28.37   -46.46     0.103
  -26.62    13.01   -21.75       -26.68    13.07   -21.65     0.126
   14.36     3.39    48.19        14.38     3.38    48.18     0.024
   -6.24    12.24    45.67        -6.28    12.25    45.63     0.060
   17.70    15.19   -15.73        17.72    15.19   -15.73     0.015
  -33.69    -1.63   -10.31       -33.70    -1.62   -10.27     0.044
   -6.38    15.59    31.54        -6.37    15.55    31.55     0.038
    7.40    -4.34    37.47         7.43    -4.26    37.45     0.087
  -34.53   -29.47   -41.11       -34.57   -29.55   -41.14     0.098
   -3.77     9.54    47.92        -3.64     9.56    47.87     0.137
    2.91    -1.78   -26.22         2.93    -1.77   -26.24     0.031
   10.14    16.89     4.96        10.16    16.89     4.96     0.019
  -11.99   -23.34   -11.52       -11.98   -23.32   -11.50     0.026
  -42.01     5.14   -31.28       -42.07     5.20   -31.30     0.083
    1.61   -26.21   -25.89         1.54   -26.12   -25.86     0.114
  -31.15   -10.40    -8.75       -31.12   -10.37    -8.73     0.053
   22.98    12.67    16.47        22.99    12.67    16.47     0.011
   32.91    16.53   -14.21        32.91    16.53   -14.21     0.001
   -9.10    11.94    30.63        -9.10    11.94    30.63     0.006
   21.25   -10.83     0.69        21.20   -10.82     0.68     0.048
  -14.33    14.35   -28.29       -14.38    14.29   -28.31     0.081
   -8.26    -3.23     2.34        -8.24    -3.20     2.32     0.044
   13.13     1.18    52.81        13.10     1.21    52.80     0.043
  -10.20   -19.45   -46.79       -10.15   -19.45   -46.84     0.074
   -9.47     9.47    43.75        -9.47     9.45    43.76     0.021
  -42.41    -6.22   -37.63       -42.46    -6.23   -37.64     0.050
  -22.26    13.70   -41.32       -22.26    13.70   -41.32     0.002
   17.63     7.78    30.76        17.60     7.79    30.76     0.032
  -38.12   -18.83   -50.40       -38.05   -18.76   -50.36     0.107
    6.42   -10.71     7.97         6.41   -10.81     7.97     0.094
   16.01    -0.73    22.00        16.03    -0.76    22.00     0.032
   -2.54    13.05    24.33        -2.54    13.05    24.34     0.008
  -34.05     7.50   -45.27       -34.03     7.46   -45.24     0.056
   20.92    -8.21     2.55        20.77    -8.21     2.49     0.161
  -31.48   -31.47   -40.50       -31.51   -31.51   -40.55     0.069
   16.18    11.77    46.98        16.08    11.76    46.98     0.092
  -22.92   -32.73   -41.06       -22.89   -32.76   -41.13     0.081
  -12.49    -3.87    -2.63       -12.52    -3.89    -2.60     0.050
   10.22    17.81    63.73        10.21    17.81    63.75     0.026
    6.40   -20.99   -17.75         6.39   -20.98   -17.75     0.007
  -43.43   -17.69   -35.22       -43.36   -17.64   -35.23     0.090
   15.41    14.58    51.41        15.47    14.59    51.42     0.063
   14.95    17.28    52.65        14.79    17.25    52.64     0.167
  -14.13   -32.12   -27.63       -14.17   -32.03   -27.64     0.101
    6.22    -3.63    64.02         6.21    -3.52    63.97     0.121
   28.81    15.24    -1.70        28.82    15.24    -1.70     0.013
    1.05   -19.02   -31.17         1.03   -19.05   -31.14     0.047
   -7.68    -9.76    -0.85        -7.67    -9.75    -0.86     0.016
   -0.73     0.24    18.56        -0.78     0.23    18.57     0.053
   16.88   -13.34     4.55        16.88   -13.34     4.55     0.003
   27.81    19.69   -16.01        27.83    19.72   -16.02     0.034
  -17.65    15.37   -29.66       -17.63    15.43   -29.65     0.061
    8.02   -12.66   -21.10         8.10   -12.68   -21.15     0.097
    4.57   -21.87   -12.09         4.57   -21.87   -12.09     0.004
   25.30    -5.47   -10.56        25.24    -5.43   -10.57     0.073
  -35.66   -24.22   -16.23       -35.66   -24.23   -16.23     0.014
    6.21    16.83    48.97         6.30    16.72    48.97     0.145
  -26.28    12.50   -40.32       -26.29    12.52   -40.33     0.025
  -36.77     8.92   -34.20       -36.78     8.97   -34.20     0.054
   27.95    15.61     0.14        27.91    15.63     0.13     0.049
   11.68    21.67    11.69        11.61    21.73    11.69     0.094
  -10.42    -2.64   -47.18       -10.42    -2.64   -47.18     0.003
  -38.24    -7.72    -9.82       -38.21    -7.68    -9.79     0.066
   24.28    18.71   -22.97        24.32    18.72   -22.99     0.048
   12.36     0.54    56.55        12.48     0.44    56.54     0.155
  -44.43    -7.68   -25.78       -44.33    -7.65   -25.77     0.104
  -39.79   -24.17   -41.34       -39.78   -24.16   -41.34     0.010
    0.08    13.89    56.12         0.16    13.83    56.14     0.101
   21.23    11.55    20.13        21.13    11.59    20.10     0.111
   15.72     4.46    38.30        15.85     4.38    38.31     0.154
    3.57    -1.41    39.62         3.49    -1.52    39.64     0.136
  -34.96   -30.75   -24.52       -34.98   -30.81   -24.51     0.067
  -17.64     3.04   -53.35       -17.63     3.06   -53.39     0.047
  -20.89     4.21   -13.64       -20.89     4.22   -13.57     0.066
    8.16    17.80    39.58         8.17    17.78    39.58     0.016
   10.99    20.25    41.55        10.93    20.29    41.53     0.073
   -0.72     6.05    41.79        -0.69     6.05    41.80     0.024
   26.44     0.19   -28.86        26.48     0.19   -28.83     0.046
   20.08    27.01    11.51        20.00    26.77    11.49     0.256
  -23.61   -14.66   -57.09       -23.61   -14.67   -57.11     0.019
  -31.56   -20.19   -10.23       -31.52   -20.18   -10.27     0.059
   -2.39    12.12    47.47        -2.37    12.11    47.46     0.029
   31.16     2.44    -1.73        31.17     2.43    -1.72     0.014
   18.26     6.71   -21.13        18.33     6.65   -21.15     0.089
  -15.81   -23.18   -51.41       -15.86   -23.14   -51.35     0.085
   -9.51     6.16   -36.07        -9.57     6.13   -36.05     0.063
   20.87    -3.62   -21.30        20.82    -3.55   -21.26     0.094
   26.97    20.84   -14.81        26.94    20.81   -14.80     0.041
  -27.06     5.05   -50.66       -27.06     5.04   -50.65     0.013
  -29.95   -33.12   -38.43       -29.97   -33.16   -38.44     0.040
   13.70    23.58    16.69        13.71    23.48    16.66     0.107
  -32.37     6.19   -47.56       -32.37     6.22   -47.59     0.040
    5.91   -11.54     3.62         5.89   -11.58     3.63     0.049
  -15.52   -32.31   -37.46       -15.49   -32.35   -37.47     0.043
   -8.84    -0.44   -42.72        -8.79    -0.43   -42.74     0.049
  -30.90     9.52   -42.94       -30.93     9.62   -43.01     0.127
  -35.97     6.87   -44.89       -35.96     6.85   -44.88     0.018
   16.83     2.80    27.11        16.76     2.83    27.09     0.079
  -33.97     4.62   -11.10       -33.93     4.66   -11.13     0.063
    6.14    -8.76    18.49         6.12    -8.78    18.49     0.032
  -41.65   -23.85   -24.92       -41.57   -23.82   -24.92     0.086
   -1.97     0.59    15.63        -1.98     0.58    15.63     0.008
  -24.77     5.67   -49.60       -24.77     5.64   -49.57     0.036
   16.26    -1.61    18.50        16.23    -1.57    18.48     0.051
   28.39    12.55   -25.73        28.40    12.57   -25.75     0.025
   14.17     3.25    47.71        14.30     3.18    47.72     0.155
   12.52    24.71    52.83        12.53    24.70    52.83     0.016
  -37.07   -29.35   -37.46       -37.12   -29.39   -37.46     0.059
   -3.99    16.95    39.41        -4.00    16.95    39.41     0.007
    2.02    -2.64    23.25         1.96    -2.71    23.25     0.099
   21.35    12.22   -27.46        21.42    12.24   -27.48     0.068
    9.81    13.39     4.27         9.80    13.39     4.27     0.004
  -20.55   -13.43    -7.61       -20.56   -13.43    -7.59     0.022
  -38.13     2.92   -48.18       -38.10     2.89   -48.15     0.049
   17.74    17.71    39.79        17.61    17.74    39.77     0.139
   33.30    11.98   -11.17        33.31    11.99   -11.17     0.016
   -1.07    13.95    22.04        -1.02    13.92    22.06     0.065
  -42.23     5.00   -31.73       -42.18     4.95   -31.71     0.075
  -25.09     3.41   -13.07       -25.09     3.41   -13.08     0.007
   15.41     4.84    45.87        15.40     4.85    45.86     0.019
   16.51    23.84   -12.73        16.40    23.82   -12.74     0.121
   32.56    11.44   -18.55        32.59    11.43   -18.60     0.056
   -1.42    11.77    53.01        -1.34    11.71    53.01     0.095
    8.78   -16.08    -0.81         8.84   -16.02    -0.82     0.087
