15 PA3-A-Debug-Answer.txt 0
   36.40     7.14   -17.20        36.40     7.14   -17.20     0.000
   -2.64     0.35   -27.83        -2.64     0.35   -27.83     0.000
   -3.11   -10.21    13.38        -3.11   -10.21    13.38     0.000
   31.31    10.51   -26.14        31.31    10.51   -26.14     0.000
   -7.65    -7.24    14.89        -7.65    -7.24    14.89     0.000
  -31.38   -23.86   -11.56       -31.38   -23.86   -11.56     0.000
   11.56   -15.40   -13.34        11.56   -15.40   -13.34     0.000
   37.89    11.36     6.44        37.89    11.36     6.44     0.000
  -15.76   -15.92   -47.70       -15.76   -15.92   -47.70     0.000
   23.17   -12.56   -20.73        23.17   -12.56   -20.73     0.000
   25.98    -4.56    17.11        25.98    -4.56    17.11     0.000
    5.89    -6.93    38.99         5.89    -6.93    38.99     0.000
    3.01    -3.33   -24.64         3.01    -3.33   -24.64     0.000
  -30.65   -20.63   -44.54       -30.65   -20.63   -44.54     0.000
  -20.12   -25.13    -9.59       -20.12   -25.13    -9.59     0.000
