200 PA4-F-Debug-Answer.txt 0
   -9.93   -12.35   -46.68        -9.93   -12.35   -46.66     0.019
   -2.60   -18.90   -37.26        -2.71   -18.83   -37.19     0.141
  -13.08   -26.55   -40.26       -13.08   -26.53   -40.25     0.023
  -15.94   -30.85   -34.28       -15.93   -30.87   -34.29     0.023
   33.85    16.68   -11.70        33.81    16.65   -11.69     0.051
   16.89    25.26   -20.74        16.93    25.19   -20.74     0.081
   22.13    20.88   -26.41        22.16    20.91   -26.44     0.058
   18.67    18.23    43.40        18.80    18.33    43.43     0.168
  -29.89     9.74   -29.69       -29.91     9.81   -29.71     0.080
   -6.97     6.49    45.55        -6.96     6.49    45.55     0.015
   -3.60     5.73    63.33        -3.60     5.73    63.34     0.012
  -29.17   -13.41    -6.27       -29.18   -13.44    -6.19     0.083
   -3.15   -19.64   -11.41        -3.14   -19.65   -11.40     0.015
  -10.96    -5.30     9.74       -10.97    -5.30     9.74     0.005
  -37.95   -15.37   -11.86       -37.87   -15.35   -11.91     0.101
    1.65   -13.43   -26.84         1.66   -13.43   -26.85     0.007
    1.36    10.74    -9.02         1.38    10.69    -9.00     0.056
   11.43    26.96     3.66        11.45    26.92     3.66     0.047
  -10.58   -29.93   -27.78       -10.53   -30.02   -27.79     0.099
  -14.91   -11.86    -2.17       -14.91   -11.86    -2.16     0.014
   -0.30    17.03    58.10        -0.32    17.06    58.10     0.029
   -5.39    -5.69    27.66        -5.23    -5.54    27.66     0.218
    8.02     1.32    63.31         8.01     1.32    63.28     0.035
   -1.23   -18.91   -11.24        -1.22   -18.97   -11.21     0.060
  -41.38   -11.22   -16.32       -41.44   -11.22   -16.29     0.070
   35.11    -2.54   -19.13        35.12    -2.54   -19.14     0.008
  -37.97    -8.16   -10.80       -37.97    -8.16   -10.80     0.003
   13.18    14.82   -22.47        13.18    14.82   -22.47     0.007
  -39.93   -19.71   -33.31       -39.85   -19.70   -33.28     0.095
    3.90   -17.69   -16.39         3.87   -17.63   -16.38     0.064
   36.62     5.86   -16.51        36.69     5.87   -16.52     0.068
   -4.02   -11.35     5.62        -4.04   -11.45     5.64     0.105
    2.69    14.65    -3.22         2.65    14.69    -3.24     0.062
   37.21    -0.03     9.03        37.25    -0.05     9.05     0.050
    0.35     0.68   -24.75         0.35     0.68   -24.75     0.007
   -4.71    -0.13   -32.78        -4.76    -0.16   -32.78     0.060
   -3.23    -4.75    48.91        -3.08    -4.55    48.90     0.255
  -31.31     7.04   -16.80       -31.32     7.06   -16.80     0.018
  -27.60    11.05   -24.81       -27.64    11.12   -24.81     0.084
  -23.47     1.52   -45.20       -23.47     1.56   -45.24     0.052
   -8.86    12.91    38.38        -8.83    12.93    38.36     0.043
  -16.54   -11.94   -48.68       -16.56   -11.93   -48.58     0.094
   36.49    11.31     8.40        36.49    11.31     8.41     0.003
   -7.51   -10.00     6.33        -7.51    -9.99     6.33     0.005
    9.91    24.25    19.07         9.92    24.36    19.09     0.116
   11.21    -9.53    13.00        11.18    -9.42    12.96     0.119
   33.84    16.71    -0.20        33.93    16.79    -0.22     0.124
  -20.44   -30.45   -16.27       -20.45   -30.52   -16.23     0.080
  -27.38    10.83   -21.69       -27.34    10.72   -21.72     0.118
   -1.63    10.66    -5.97        -1.64    10.69    -5.98     0.042
  -31.71   -29.40   -32.65       -31.62   -29.26   -32.59     0.181
  -39.91   -11.32   -34.39       -39.88   -11.31   -34.40     0.027
    6.90     8.21   -14.74         6.91     8.17   -14.68     0.076
   -0.31   -16.17   -34.28        -0.31   -16.17   -34.28     0.002
   27.20     3.61    27.15        27.10     3.62    27.12     0.106
  -23.16    12.00   -30.28       -23.14    11.82   -30.26     0.184
   12.04    25.53    -6.50        12.04    25.53    -6.49     0.011
    2.31    -6.64   -26.15         2.33    -6.64   -26.17     0.033
  -22.70   -10.38   -49.58       -22.70   -10.39   -49.61     0.039
   12.73   -10.95     8.25        12.71   -10.87     8.23     0.089
  -40.27   -10.71   -37.07       -40.12   -10.69   -37.07     0.149
  -38.21   -17.44   -13.46       -38.23   -17.45   -13.45     0.018
   -4.64   -11.26     6.25        -4.62   -11.17     6.22     0.103
   29.57    11.39    18.35        29.53    11.37    18.33     0.048
   38.44     4.77     8.05        38.44     4.77     8.05     0.003
   22.37    25.40    -0.46        22.42    25.53    -0.45     0.133
  -34.40     4.82   -35.96       -34.43     4.85   -35.98     0.042
    0.95    14.62    62.84         0.95    14.61    62.82     0.021
   30.98    16.26   -21.84        30.93    16.22   -21.80     0.071
   18.31    -4.45    37.38        18.34    -4.51    37.38     0.068
  -13.50    22.05    20.86       -13.48    22.04    20.87     0.025
   -8.77     0.71    24.08        -8.78     0.71    24.08     0.015
    1.46     1.02   -23.82         1.47     1.03   -23.83     0.011
  -24.04   -31.41   -18.64       -24.05   -31.35   -18.67     0.067
  -15.55     5.47   -41.80       -15.54     5.49   -41.82     0.019
   37.43    -1.24    -1.16        37.37    -1.18    -1.15     0.081
  -32.35   -26.07   -15.47       -32.41   -26.17   -15.38     0.151
  -29.59     6.06   -38.94       -29.60     6.08   -38.95     0.030
    6.74    21.31    -2.79         6.63    21.38    -2.83     0.141
   33.82    16.69    -4.86        33.75    16.63    -4.87     0.095
  -13.52    -7.62     3.50       -13.57    -7.67     3.54     0.074
  -41.40   -17.85   -20.69       -41.50   -17.89   -20.67     0.107
   -9.02   -22.06   -10.88        -9.01   -22.10   -10.85     0.055
    9.88   -16.06   -10.74         9.87   -16.10   -10.74     0.042
   16.15    22.85    25.23        16.16    22.92    25.23     0.071
  -43.02    -5.05   -20.35       -43.07    -5.01   -20.34     0.068
   37.55     7.04   -12.00        37.56     7.05   -12.00     0.015
   -5.18    -8.29   -42.48        -5.25    -8.30   -42.42     0.095
   14.58    17.70    62.48        14.58    17.69    62.47     0.015
   16.58    14.62   -30.24        16.56    14.61   -30.27     0.030
   35.68     0.19    11.14        35.72     0.18    11.18     0.056
   12.29   -10.39     9.86        12.30   -10.41     9.87     0.027
    3.69    -7.46    29.49         3.69    -7.52    29.49     0.054
   27.97    22.07   -13.15        28.06    22.20   -13.14     0.163
   21.42     8.57    58.98        21.42     8.57    58.98     0.001
  -13.00   -30.29   -33.13       -13.00   -30.29   -33.12     0.001
   -0.68    13.73    -0.32        -0.66    13.70    -0.30     0.039
  -23.97   -24.84    -9.92       -23.97   -24.94    -9.81     0.148
  -36.48    -9.06   -43.42       -36.60    -9.01   -43.55     0.186
   25.39    14.87   -28.28        25.38    14.86   -28.24     0.043
   -6.12     0.00    44.79        -6.01     0.04    44.79     0.119
    5.95   -16.40    -9.89         5.93   -16.35    -9.90     0.055
   21.95    -4.95    22.67        21.97    -4.99    22.68     0.049
    6.88   -15.59    -4.30         6.90   -15.53    -4.32     0.066
   -8.15     6.22   -31.93        -8.20     6.17   -31.93     0.076
  -19.19     6.65   -14.75       -19.17     6.61   -14.78     0.052
  -16.57     6.30   -13.13       -16.55     6.26   -13.17     0.069
   19.47    -6.18    21.33        19.46    -6.13    21.33     0.045
   23.24    25.24    -3.20        23.23    25.22    -3.20     0.017
  -16.22   -13.41   -48.43       -16.22   -13.41   -48.41     0.015
   -3.26    -3.65    63.33        -3.17    -3.59    63.18     0.181
  -40.92     0.48   -29.04       -40.87     0.44   -29.04     0.067
   24.70    -5.00   -26.00        24.70    -5.01   -26.02     0.024
   23.55    10.20    42.50        23.53    10.19    42.50     0.025
  -42.93   -13.97   -21.65       -42.96   -13.97   -21.64     0.028
   15.20   -11.06     6.36        15.21   -11.10     6.38     0.035
   29.62     7.53   -28.98        29.63     7.53   -28.99     0.005
    2.98   -10.21    17.08         2.95   -10.03    17.03     0.196
  -12.38     9.99    27.93       -12.27    10.11    27.90     0.167
  -36.48   -17.19   -10.75       -36.46   -17.17   -10.79     0.051
  -20.86    10.22   -19.09       -20.85    10.26   -19.05     0.055
   23.23    -0.22    35.93        23.30    -0.25    35.95     0.077
    0.18   -14.15   -32.08         0.13   -14.15   -32.08     0.050
  -39.01   -23.98   -25.87       -38.90   -23.87   -25.88     0.158
   -6.12    -0.82    39.41        -5.99    -0.79    39.40     0.135
   -6.45   -17.09   -42.30        -6.45   -17.09   -42.30     0.007
   17.88    -6.09    22.54        17.91    -6.28    22.56     0.194
   22.08     3.20    50.57        22.08     3.20    50.57     0.002
    1.86    -6.65    46.54         1.85    -6.79    46.54     0.145
   -0.50    -6.63    35.34        -0.55    -6.82    35.38     0.199
  -21.10   -15.06    -5.76       -21.11   -15.06    -5.74     0.021
  -19.02   -29.61   -15.17       -19.03   -29.58   -15.19     0.045
   -1.49   -15.36   -36.84        -1.49   -15.36   -36.84     0.009
   29.53     4.20    20.31        29.59     4.19    20.34     0.070
  -38.17   -24.68   -25.16       -38.14   -24.66   -25.16     0.040
   14.20    23.55   -17.93        14.20    23.55   -17.93     0.005
   -1.07    -5.72    62.58        -1.15    -5.87    62.63     0.179
   12.15    24.50    -9.65        12.25    24.33    -9.57     0.210
   11.43    20.90    55.10        11.43    20.73    55.07     0.167
  -31.75   -13.05   -46.58       -31.76   -13.06   -46.62     0.043
   37.22    -0.33     9.00        37.18    -0.31     8.98     0.053
    4.72    19.40    53.38         4.70    19.44    53.38     0.040
   -8.19    15.83    39.75        -8.25    15.82    39.81     0.091
  -26.64   -27.79   -12.96       -26.64   -27.78   -12.97     0.005
   14.42    -5.69    41.54        14.47    -5.85    41.55     0.164
   -4.13    -3.60    40.79        -4.26    -3.70    40.77     0.160
  -12.09    10.83    16.88       -12.12    10.83    16.88     0.026
  -33.77   -22.14   -11.76       -33.75   -22.12   -11.79     0.045
  -10.91     6.97    22.35       -10.93     6.96    22.36     0.024
   32.45    18.36     0.56        32.47    18.39     0.56     0.041
   39.72     4.45     2.73        39.71     4.45     2.73     0.007
    3.07   -17.79   -11.63         3.05   -17.76   -11.64     0.037
  -11.54    23.44    21.53       -11.61    23.66    21.46     0.243
   17.08    21.26   -29.09        17.09    21.27   -29.10     0.019
   35.78    -2.13   -17.78        35.77    -2.13   -17.78     0.007
   12.02    25.49    -6.44        12.00    25.52    -6.45     0.033
   -4.54    23.12    33.08        -4.54    23.15    33.09     0.036
   20.74    15.91   -30.59        20.73    15.91   -30.58     0.015
  -34.13   -27.88   -32.44       -34.07   -27.78   -32.40     0.117
   28.77    14.93   -25.71        28.72    14.88   -25.67     0.078
   10.07    19.43    61.00        10.08    19.42    61.00     0.015
   -6.39    -9.69     9.29        -6.40    -9.71     9.29     0.018
   -7.12     5.30    57.02        -7.08     5.30    57.02     0.040
  -16.32    16.44    20.73       -16.26    16.46    20.78     0.082
   -4.94    -1.17   -37.88        -4.96    -1.17   -37.87     0.023
   -4.40    -2.93    52.25        -4.30    -2.85    52.23     0.128
   38.41     2.03   -12.25        38.46     2.03   -12.27     0.055
  -13.34     4.73    -0.69       -13.34     4.74    -0.69     0.004
   25.68    11.57    29.25        25.71    11.58    29.26     0.033
   24.53   -14.40   -11.05        24.55   -14.44   -11.05     0.042
   39.78     7.36    -4.86        39.69     7.32    -4.84     0.089
   28.64    -4.55   -26.01        28.64    -4.55   -26.05     0.037
    0.80    17.80    56.00         0.74    17.97    56.02     0.181
  -22.77    -1.28   -47.20       -22.77    -1.28   -47.20     0.003
   -1.94     3.20   -24.54        -1.93     3.21   -24.56     0.021
  -38.88   -21.48   -17.49       -38.74   -21.39   -17.57     0.179
   22.98     4.44    46.12        22.83     4.47    46.10     0.159
   38.00    -0.39     2.20        38.11    -0.45     2.20     0.124
   -8.48     8.34   -18.09        -8.48     8.38   -18.09     0.044
   30.66     7.68   -28.08        30.64     7.68   -28.06     0.022
   38.79     1.41     6.95        38.76     1.42     6.93     0.035
  -43.04    -9.17   -20.18       -43.12    -9.17   -20.16     0.077
    3.28    -7.07    35.43         3.27    -7.15    35.44     0.076
   14.69    -4.98    58.32        14.63    -4.88    58.32     0.116
   19.80     4.87   -26.64        19.83     4.88   -26.62     0.034
   -5.27    12.04    56.48        -5.19    12.00    56.49     0.089
   17.00    13.07   -29.93        17.04    13.11   -29.86     0.090
  -18.73     5.54   -13.44       -18.74     5.57   -13.41     0.050
  -29.27   -22.11    -8.53       -29.26   -22.08    -8.56     0.034
   14.54    -6.59    25.31        14.53    -6.51    25.30     0.077
   35.24    11.70   -15.72        35.23    11.69   -15.71     0.013
   -9.37     0.44    21.33        -9.38     0.44    21.33     0.016
  -18.53   -31.44   -34.05       -18.51   -31.56   -34.10     0.128
  -38.26     4.24   -26.13       -38.28     4.25   -26.13     0.023
    9.30    -3.01   -21.99         9.32    -3.01   -22.03     0.042
   20.12    -5.41    24.47        20.17    -5.51    24.50     0.119
    2.76    23.87    13.39         2.79    23.77    13.41     0.113
  -35.83    -8.42    -8.76       -35.84    -8.41    -8.74     0.023
   -5.86    -0.41    57.28        -5.81    -0.40    57.28     0.051
   28.77    12.49   -27.58        28.79    12.51   -27.61     0.048
