75 PA4-A-Demo-Fast-Output.txt 0
   39.04     0.58    -6.86        39.04     0.58    -6.86     0.000
  -22.83     2.80   -44.26       -22.83     2.80   -44.26     0.000
  -31.95     4.33   -14.39       -31.95     4.33   -14.39     0.000
   -9.33   -26.34   -15.96        -9.33   -26.34   -15.96     0.000
   10.26   -15.01     0.44        10.26   -15.01     0.44     0.000
  -37.49    -7.76   -42.29       -37.49    -7.76   -42.29     0.000
   25.83    24.04    -1.19        25.83    24.04    -1.19     0.000
   35.11    14.30   -13.56        35.11    14.30   -13.56     0.000
  -20.69   -29.36   -14.41       -20.69   -29.36   -14.41     0.000
   15.97    18.12   -31.17        15.97    18.12   -31.17     0.000
   -7.12   -15.52   -43.24        -7.12   -15.52   -43.24     0.000
   23.81     9.54    41.50        23.81     9.54    41.50     0.000
   31.43    11.19    14.99        31.43    11.19    14.99     0.000
   11.74     9.64    63.13        11.74     9.64    63.13     0.000
  -13.91    22.26    22.35       -13.91    22.26    22.35     0.000
   21.47    23.20    14.19        21.47    23.20    14.19     0.000
   14.02    19.74    58.00        14.02    19.74    58.00     0.000
   -5.71    -1.12    42.59        -5.71    -1.12    42.59     0.000
   -5.79    -9.93     9.40        -5.79    -9.93     9.40     0.000
   -3.16     4.51    63.37        -3.16     4.51    63.37     0.000
  -20.28    -7.51    -3.32       -20.28    -7.51    -3.32     0.000
   29.39    11.48    18.51        29.39    11.48    18.51     0.000
    6.36    -6.87    39.48         6.36    -6.87    39.48     0.000
  -26.99    -8.07   -48.16       -26.99    -8.07   -48.16     0.000
   21.86     9.04    55.35        21.86     9.04    55.35     0.000
  -39.52   -21.97   -30.80       -39.52   -21.97   -30.80     0.000
   27.79    13.00    21.07        27.79    13.00    21.07     0.000
  -36.42     5.86   -28.38       -36.42     5.86   -28.38     0.000
    6.91    -5.52   -23.05         6.91    -5.52   -23.05     0.000
  -35.99   -26.73   -24.75       -35.99   -26.73   -24.75     0.000
    4.45    -3.47    63.38         4.45    -3.47    63.38     0.000
   21.03    -9.02     6.03        21.03    -9.02     6.03     0.000
   -4.25    11.09    -0.86        -4.25    11.09    -0.86     0.000
   -0.27   -15.17   -34.10        -0.27   -15.17   -34.10     0.000
   18.73    20.94    32.95        18.73    20.94    32.95     0.000
   21.90    25.08   -16.13        21.90    25.08   -16.13     0.000
   11.35    -6.40    46.26        11.35    -6.40    46.26     0.000
    5.06    -6.93   -24.20         5.06    -6.93   -24.20     0.000
  -28.23   -12.61    -6.20       -28.23   -12.61    -6.20     0.000
   -1.46    18.81    44.84        -1.46    18.81    44.84     0.000
  -36.78     5.69   -26.64       -36.78     5.69   -26.64     0.000
   22.01    -0.11   -26.36        22.01    -0.11   -26.36     0.000
  -12.71   -21.93    -9.55       -12.71   -21.93    -9.55     0.000
  -15.37   -21.04    -8.40       -15.37   -21.04    -8.40     0.000
  -17.49    -4.82    -0.15       -17.49    -4.82    -0.15     0.000
   29.02    -5.68   -25.32        29.02    -5.68   -25.32     0.000
  -31.95    -6.22    -8.67       -31.95    -6.22    -8.67     0.000
  -23.56    -8.32    -5.42       -23.56    -8.32    -5.42     0.000
   -4.08    -3.90    40.53        -4.08    -3.90    40.53     0.000
   19.53   -10.25   -21.47        19.53   -10.25   -21.47     0.000
  -14.45   -28.70   -37.67       -14.45   -28.70   -37.67     0.000
   -2.44    15.33    59.55        -2.44    15.33    59.55     0.000
   36.31    -0.95   -17.16        36.31    -0.95   -17.16     0.000
   -0.46   -18.69   -31.87        -0.46   -18.69   -31.87     0.000
   11.59     5.28    62.93        11.59     5.28    62.93     0.000
  -29.10   -31.18   -27.99       -29.10   -31.18   -27.99     0.000
   16.59    -4.83    45.19        16.59    -4.83    45.19     0.000
   -5.49   -23.13   -36.69        -5.49   -23.13   -36.69     0.000
   22.11    18.98    27.69        22.11    18.98    27.69     0.000
    6.30    -3.89   -23.04         6.30    -3.89   -23.04     0.000
   37.32     0.48     9.32        37.32     0.48     9.32     0.000
   15.16    -4.64    57.50        15.16    -4.64    57.50     0.000
  -26.26   -15.14   -47.73       -26.26   -15.14   -47.73     0.000
   -9.49    24.92    23.61        -9.49    24.92    23.61     0.000
  -14.22   -21.12   -44.61       -14.22   -21.12   -44.61     0.000
  -33.26   -27.43   -18.25       -33.26   -27.43   -18.25     0.000
    6.66    -7.41    26.60         6.66    -7.41    26.60     0.000
   11.34     3.33    63.02        11.34     3.33    63.02     0.000
   -0.01    18.19    50.87        -0.01    18.19    50.87     0.000
    7.26   -10.36   -22.60         7.26   -10.36   -22.60     0.000
  -18.43   -13.47   -48.88       -18.43   -13.47   -48.88     0.000
   27.13     8.45    26.99        27.13     8.45    26.99     0.000
  -18.52   -10.81    -3.04       -18.52   -10.81    -3.04     0.000
   11.83    23.21    26.14        11.83    23.21    26.14     0.000
   21.18     1.45    51.93        21.18     1.45    51.93     0.000
