75 PA4-A-Demo-Slow-Output.txt 0
  -22.31    -1.27    -8.16       -22.31    -1.27    -8.16     0.000
   10.02    -6.78    28.48        10.02    -6.78    28.48     0.000
  -10.14    16.87    38.01       -10.14    16.87    38.01     0.000
  -42.03   -17.68   -22.58       -42.03   -17.68   -22.58     0.000
   20.44    21.67    22.94        20.44    21.67    22.94     0.000
   11.15    -6.38    48.59        11.15    -6.38    48.59     0.000
   -5.89    -8.59    15.54        -5.89    -8.59    15.54     0.000
   22.15    10.24    51.36        22.15    10.24    51.36     0.000
   38.48    10.85     0.87        38.48    10.85     0.87     0.000
   10.24    10.82    63.17        10.24    10.82    63.17     0.000
   21.32    23.39    13.59        21.32    23.39    13.59     0.000
   28.74    -4.98   -26.04        28.74    -4.98   -26.04     0.000
  -12.56    23.75    27.94       -12.56    23.75    27.94     0.000
   31.44    -3.51    13.24        31.44    -3.51    13.24     0.000
   15.05    19.58   -30.69        15.05    19.58   -30.69     0.000
   -1.06    -5.17   -29.54        -1.06    -5.17   -29.54     0.000
   -6.14   -13.41    -0.30        -6.14   -13.41    -0.30     0.000
   27.32    22.73     4.73        27.32    22.73     4.73     0.000
    1.54    17.83     3.51         1.54    17.83     3.51     0.000
   -0.71    -6.25    40.46        -0.71    -6.25    40.46     0.000
  -30.59     5.60   -39.11       -30.59     5.60   -39.11     0.000
  -33.12   -11.46    -7.43       -33.12   -11.46    -7.43     0.000
   12.69    21.32   -29.07        12.69    21.32   -29.07     0.000
  -41.92   -18.53   -27.39       -41.92   -18.53   -27.39     0.000
   12.10    -2.80   -22.01        12.10    -2.80   -22.01     0.000
   -6.78     8.39   -17.20        -6.78     8.39   -17.20     0.000
   20.50    -3.71    34.36        20.50    -3.71    34.36     0.000
   -8.35     6.34    30.91        -8.35     6.34    30.91     0.000
  -25.37   -18.07    -6.74       -25.37   -18.07    -6.74     0.000
  -20.96    11.95   -22.44       -20.96    11.95   -22.44     0.000
   30.78    18.81   -18.38        30.78    18.81   -18.38     0.000
   22.04     0.97    45.18        22.04     0.97    45.18     0.000
   -0.90   -20.96   -19.40        -0.90   -20.96   -19.40     0.000
   -3.78     7.40   -19.13        -3.78     7.40   -19.13     0.000
   18.80   -10.68     4.55        18.80   -10.68     4.55     0.000
   -6.65     2.71    41.76        -6.65     2.71    41.76     0.000
   18.16    25.32   -17.83        18.16    25.32   -17.83     0.000
   10.80    -6.58    59.05        10.80    -6.58    59.05     0.000
  -26.59    11.04   -22.12       -26.59    11.04   -22.12     0.000
   13.51    -5.85    49.59        13.51    -5.85    49.59     0.000
  -26.81   -23.69    -9.05       -26.81   -23.69    -9.05     0.000
   -5.23    12.40     5.15        -5.23    12.40     5.15     0.000
   -2.70    -6.44   -37.90        -2.70    -6.44   -37.90     0.000
  -16.04    15.73    30.16       -16.04    15.73    30.16     0.000
    3.19    23.61    24.17         3.19    23.61    24.17     0.000
   23.54    11.93    38.87        23.54    11.93    38.87     0.000
   27.69    12.64    21.67        27.69    12.64    21.67     0.000
    6.88    12.98    63.15         6.88    12.98    63.15     0.000
   36.78     5.83   -16.01        36.78     5.83   -16.01     0.000
   -0.05   -11.56     7.77        -0.05   -11.56     7.77     0.000
   -9.95     9.22   -21.75        -9.95     9.22   -21.75     0.000
  -25.33   -22.95    -8.33       -25.33   -22.95    -8.33     0.000
   12.87    14.87   -24.34        12.87    14.87   -24.34     0.000
   22.84    25.02     3.28        22.84    25.02     3.28     0.000
   -9.12    14.79    38.67        -9.12    14.79    38.67     0.000
    7.29    16.95    -7.07         7.29    16.95    -7.07     0.000
   10.51    -6.29    62.67        10.51    -6.29    62.67     0.000
  -41.41   -19.74   -24.90       -41.41   -19.74   -24.90     0.000
   -1.16   -15.95   -36.27        -1.16   -15.95   -36.27     0.000
  -25.17    -6.09    -6.92       -25.17    -6.09    -6.92     0.000
  -29.63   -31.06   -25.29       -29.63   -31.06   -25.29     0.000
  -11.79     9.30   -28.37       -11.79     9.30   -28.37     0.000
   34.14    -5.20    -9.23        34.14    -5.20    -9.23     0.000
    5.42    -9.16    18.46         5.42    -9.16    18.46     0.000
   18.35    25.34   -21.97        18.35    25.34   -21.97     0.000
  -40.04   -16.77   -15.59       -40.04   -16.77   -15.59     0.000
   18.91    -7.64   -23.49        18.91    -7.64   -23.49     0.000
    1.17   -17.01    -7.97         1.17   -17.01    -7.97     0.000
    1.99   -18.27   -18.98         1.99   -18.27   -18.98     0.000
   37.99     3.16     8.80        37.99     3.16     8.80     0.000
   29.66    14.40    15.49        29.66    14.40    15.49     0.000
   -6.13     8.37   -16.51        -6.13     8.37   -16.51     0.000
   -8.99   -28.16   -20.35        -8.99   -28.16   -20.35     0.000
    4.90     6.84   -16.52         4.90     6.84   -16.52     0.000
    2.78    -7.14   -25.86         2.78    -7.14   -25.86     0.000
