200 PA4-E-Debug-Answer.txt 0
   36.79    13.15    -3.66        36.76    13.12    -3.65     0.035
  -25.34   -27.45   -39.86       -25.35   -27.52   -39.94     0.106
  -13.11   -23.18   -10.12       -13.03   -23.27   -10.05     0.138
  -15.36   -27.07   -40.50       -15.36   -27.08   -40.51     0.012
   15.77    20.25    48.38        15.72    20.20    48.37     0.070
   -7.08    -3.28    28.25        -7.16    -3.32    28.26     0.090
   13.18    17.11   -15.51        13.06    17.04   -15.49     0.139
   -2.10    12.10    -1.83        -2.10    12.10    -1.83     0.003
   -4.04    -6.70    30.02        -3.95    -6.59    29.99     0.150
  -42.00    -6.53   -17.63       -42.05    -6.53   -17.59     0.067
   13.30    -7.76    15.55        13.34    -8.03    15.62     0.287
  -21.66    12.15   -30.10       -21.64    12.00   -30.07     0.159
  -19.32   -31.69   -34.13       -19.33   -31.68   -34.13     0.006
   26.75     8.18   -30.27        26.75     8.17   -30.31     0.040
  -19.00   -20.46   -46.72       -18.99   -20.48   -46.78     0.067
   32.51    -7.65   -11.97        32.59    -7.73   -11.96     0.103
   -9.56   -10.05     3.97        -9.59   -10.09     3.99     0.051
  -37.88     4.65   -26.60       -37.88     4.65   -26.60     0.006
   -5.88   -19.72   -10.01        -5.90   -19.68   -10.06     0.068
   28.72    -1.48    18.79        28.72    -1.48    18.80     0.009
   -2.30    -7.55   -37.43        -2.29    -7.55   -37.43     0.011
   33.36    17.44    -9.88        33.40    17.48    -9.87     0.059
   -4.35    -0.81   -32.58        -4.36    -0.82   -32.58     0.019
   28.85     3.58    21.95        28.84     3.59    21.94     0.014
   17.88    26.28     7.33        17.83    26.10     7.29     0.187
   11.47    22.22    34.55        11.48    22.13    34.53     0.092
   12.95    -6.08    35.47        12.95    -6.10    35.47     0.011
  -19.73    12.17   -25.62       -19.73    12.15   -25.62     0.025
   23.40    -1.15    33.73        23.39    -1.13    33.72     0.028
   -6.28    24.76    23.00        -6.28    24.75    23.00     0.014
  -25.29   -15.59   -47.95       -25.28   -15.59   -47.93     0.016
  -37.14   -21.79   -14.90       -36.99   -21.72   -14.98     0.180
  -20.45   -30.07   -15.35       -20.45   -29.98   -15.41     0.103
  -12.82    -4.46     7.05       -12.91    -4.51     7.09     0.116
   21.35   -14.50    -4.13        21.33   -14.46    -4.16     0.059
  -25.44     4.77   -14.05       -25.44     4.76   -14.06     0.013
   15.63    27.41    -0.74        15.67    27.13    -0.76     0.287
   17.68   -17.32    -7.34        17.68   -17.35    -7.34     0.031
  -18.28   -32.17   -30.80       -18.26   -32.28   -30.81     0.110
  -10.47    16.55    37.68       -10.45    16.56    37.65     0.035
  -26.17   -18.50   -46.94       -26.17   -18.50   -46.92     0.020
  -22.24     7.44   -16.35       -22.24     7.46   -16.34     0.023
   19.50    -0.40    58.20        19.42    -0.36    58.19     0.092
  -41.24    -3.29   -17.51       -41.23    -3.30   -17.52     0.013
   35.48     1.47   -19.87        35.37     1.47   -19.84     0.112
  -15.71     8.75   -37.91       -15.71     8.75   -37.91     0.008
  -23.17   -31.27   -18.48       -23.15   -31.21   -18.50     0.062
    0.94    -6.56   -27.46         0.99    -6.55   -27.50     0.071
  -38.22     3.29   -31.38       -38.17     3.25   -31.36     0.068
   34.22    12.48   -19.14        34.14    12.46   -19.12     0.089
  -24.16    12.00   -27.48       -24.18    12.07   -27.49     0.066
   14.35    20.44   -29.87        14.35    20.46   -29.91     0.037
   11.40    10.56   -12.68        11.41    10.52   -12.62     0.072
   37.20    -1.44    -1.22        37.15    -1.40    -1.22     0.064
  -21.02   -10.36   -49.08       -21.01   -10.37   -49.06     0.027
   -1.65   -14.07   -37.50        -1.76   -14.07   -37.45     0.114
   20.35    14.37    52.10        20.38    14.38    52.10     0.026
  -11.90     3.36    15.08       -11.85     3.36    15.07     0.055
   23.06     1.89    42.52        22.96     1.93    42.51     0.105
  -18.71    -5.50    -1.99       -18.71    -5.50    -2.00     0.011
  -29.10   -16.22   -47.15       -29.10   -16.22   -47.12     0.029
   14.26    -2.77   -22.13        14.26    -2.77   -22.17     0.040
   33.74    -5.58     4.74        33.80    -5.64     4.74     0.090
    7.37   -15.74    -4.24         7.39   -15.62    -4.29     0.130
   -5.15    -2.41    49.43        -4.98    -2.31    49.43     0.194
   20.73    10.60    61.81        20.60    10.57    61.77     0.141
   17.15    21.56    35.82        17.16    21.57    35.82     0.014
   24.18    11.12    35.81        24.34    11.18    35.84     0.179
  -43.51   -13.26   -23.57       -43.50   -13.26   -23.57     0.006
   19.66     2.28    62.32        19.71     2.25    62.35     0.068
   14.15    18.24   -30.77        14.16    18.24   -30.76     0.011
   -0.94    -6.30    43.15        -0.89    -6.14    43.12     0.167
   17.66    19.75   -29.78        17.67    19.77   -29.81     0.035
  -36.96    -8.54    -9.20       -36.94    -8.54    -9.21     0.016
   14.30    -5.76    39.25        14.32    -5.82    39.25     0.057
   -5.96    16.93    12.02        -6.03    16.96    11.97     0.088
  -29.64   -29.86   -33.44       -29.66   -29.93   -33.46     0.074
   15.10   -15.38   -14.39        15.07   -15.49   -14.45     0.128
  -11.57   -14.11    -2.75       -11.57   -14.12    -2.74     0.005
   23.34    18.54    25.27        23.25    18.47    25.24     0.122
   24.17    21.31   -24.37        24.14    21.28   -24.34     0.056
   10.84    17.31   -10.99        10.87    17.33   -10.97     0.041
    4.32    -7.40    62.46         4.32    -7.43    62.47     0.024
  -13.55    -3.41     6.69       -13.64    -3.42     6.74     0.097
    2.72    16.84    -0.49         2.77    16.80    -0.47     0.064
   23.98    10.76   -30.84        23.98    10.75   -30.89     0.051
   -6.72   -25.28   -17.48        -6.75   -25.24   -17.51     0.053
    2.95    23.09    28.31         2.96    23.19    28.33     0.105
    5.50   -13.39   -22.21         5.46   -13.37   -22.16     0.069
   38.81     8.51    -6.18        38.92     8.55    -6.21     0.126
   17.08    -3.26    56.68        17.08    -3.26    56.67     0.003
    9.52   -11.89   -20.40         9.49   -11.82   -20.32     0.105
  -10.73    22.82    19.34       -10.72    22.79    19.36     0.038
   -6.86   -21.27   -40.48        -6.89   -21.24   -40.45     0.052
  -15.80     2.66    -1.88       -15.78     2.64    -1.89     0.028
   17.55    25.36   -14.44        17.54    25.47   -14.44     0.105
  -30.29   -27.64   -15.51       -30.29   -27.65   -15.51     0.013
  -15.95    11.61   -27.14       -15.90    11.71   -27.13     0.111
  -36.87   -20.22   -39.33       -36.84   -20.19   -39.30     0.055
    3.70    -2.15   -23.73         3.70    -2.14   -23.74     0.008
   22.79   -14.93    -7.06        22.82   -14.97    -7.05     0.051
  -42.18   -13.77   -28.06       -42.30   -13.73   -28.15     0.147
   -7.53     7.94    37.59        -7.60     7.92    37.59     0.076
   24.46     0.51   -28.52        24.45     0.50   -28.54     0.028
    4.91     9.88   -12.62         4.91     9.86   -12.61     0.022
   30.05    21.01     4.63        29.94    20.89     4.61     0.157
  -15.80    18.90    28.45       -15.97    18.95    28.50     0.184
   11.58     8.02    63.01        11.58     8.02    62.99     0.019
   18.55    -3.76    39.48        18.64    -3.87    39.51     0.147
    4.56    -0.02   -22.56         4.53    -0.05   -22.49     0.083
    6.30   -14.16   -20.47         6.37   -14.23   -20.52     0.115
    7.93   -11.99   -21.53         7.95   -12.01   -21.56     0.037
    6.04   -15.85   -17.95         5.98   -15.79   -17.93     0.093
   -6.32     1.55    53.58        -6.51     1.48    53.58     0.204
  -40.53   -19.80   -30.92       -40.57   -19.80   -30.93     0.047
   -2.01   -22.90   -29.02        -2.04   -22.87   -29.01     0.040
  -12.04   -29.80   -32.43       -11.97   -29.92   -32.47     0.140
  -37.76   -13.14   -42.24       -37.75   -13.13   -42.23     0.022
   -6.31   -17.59    -6.92        -6.28   -17.65    -6.89     0.070
    4.12     9.90   -12.80         4.12     9.78   -12.72     0.151
   21.08    24.68   -22.64        21.10    24.73   -22.65     0.060
   29.76     0.97   -28.32        29.75     0.98   -28.32     0.007
  -23.76   -30.74   -17.65       -23.74   -30.84   -17.60     0.112
  -16.42    10.13   -36.17       -16.46    10.04   -36.15     0.097
   23.12    13.33    39.68        22.96    13.25    39.66     0.183
   -6.35     2.42    60.51        -6.31     2.43    60.50     0.036
   35.95    14.18    -6.47        35.88    14.12    -6.47     0.095
  -16.10   -12.35    -3.07       -16.11   -12.37    -3.03     0.044
   25.64    23.81   -16.51        25.58    23.69   -16.51     0.137
   32.77    -6.52     3.75        32.74    -6.48     3.75     0.042
  -42.60   -16.77   -25.16       -42.69   -16.81   -25.15     0.095
   11.66    20.75   -13.47        11.54    20.79   -13.51     0.131
   38.39     6.86    -9.93        38.50     6.89    -9.98     0.112
  -27.79   -28.47   -14.48       -27.77   -28.38   -14.51     0.095
  -21.27   -13.41   -47.53       -21.23   -13.37   -47.62     0.103
  -25.57    10.10   -33.99       -25.57    10.12   -34.00     0.021
   25.40    23.80     3.85        25.39    23.79     3.85     0.009
  -42.57    -2.27   -27.72       -42.54    -2.28   -27.72     0.032
   -5.23    11.62    55.37        -5.29    11.65    55.38     0.065
   -5.45   -16.83    -6.18        -5.44   -16.93    -6.13     0.114
   33.68     0.69   -23.34        33.60     0.69   -23.28     0.096
  -15.16    -1.51   -46.83       -15.17    -1.52   -46.81     0.031
   11.82     0.20    63.16        11.82     0.20    63.11     0.048
   -1.09   -20.13   -32.85        -1.12   -20.12   -32.85     0.036
  -34.75     3.78   -15.58       -34.76     3.79   -15.56     0.018
   10.55    -6.46    44.38        10.55    -6.47    44.38     0.011
   -6.12    -2.40    35.13        -6.19    -2.42    35.14     0.069
  -21.71    -9.29   -49.35       -21.71    -9.29   -49.36     0.007
  -31.65     6.99   -35.30       -31.61     6.92   -35.27     0.084
   -2.92    16.45     8.03        -2.91    16.45     8.04     0.007
   -5.78    -0.17    61.69        -5.63    -0.17    61.70     0.152
   -3.09    22.15    15.12        -3.10    22.17    15.11     0.021
   29.78    -1.66    17.00        29.86    -1.72    17.07     0.118
   -6.64     1.48    53.86        -6.52     1.52    53.86     0.133
   20.77   -14.25   -17.55        20.77   -14.23   -17.53     0.027
   -7.66     3.79   -36.15        -7.63     3.81   -36.16     0.037
   32.79    15.59    10.13        32.79    15.59    10.14     0.003
    1.18    10.03   -10.53         1.17    10.05   -10.53     0.020
   19.28    -4.12   -23.52        19.27    -4.12   -23.53     0.020
   22.81    22.24    15.45        22.78    22.17    15.42     0.080
  -26.56    -3.62   -47.36       -26.57    -3.64   -47.31     0.055
   28.51     2.87   -29.82        28.50     2.87   -29.81     0.018
   -4.00    14.39    56.41        -3.92    14.31    56.40     0.113
  -31.12    -8.72    -6.42       -31.10    -8.73    -6.44     0.035
   21.57    11.36    52.61        21.62    11.38    52.62     0.049
    5.47    20.55    42.33         5.45    20.63    42.34     0.080
   -4.80    -9.88   -42.19        -4.81    -9.88   -42.18     0.010
    6.47    21.49    36.95         6.47    21.44    36.95     0.045
   12.57   -17.12    -7.82        12.58   -17.09    -7.82     0.033
   -8.51   -10.43   -45.78        -8.52   -10.42   -45.78     0.010
    6.56    -5.77   -23.20         6.57    -5.76   -23.22     0.024
   31.70     0.06    15.47        31.74     0.05    15.50     0.050
  -19.13   -14.31   -48.86       -19.14   -14.27   -48.76     0.107
   10.61    22.17    34.74        10.62    22.02    34.72     0.147
   25.16    17.27    22.72        25.00    17.19    22.68     0.186
    6.39     6.13   -16.68         6.40     6.14   -16.68     0.008
  -22.02   -10.00    -4.21       -22.02    -9.99    -4.21     0.004
  -30.23     6.38   -38.13       -30.21     6.35   -38.11     0.047
  -24.73   -21.41   -45.76       -24.73   -21.38   -45.72     0.053
  -12.31    14.04    34.75       -12.30    14.05    34.74     0.013
  -25.14   -30.93   -34.71       -25.14   -30.92   -34.71     0.013
  -28.88    -9.38    -6.54       -28.97    -9.52    -6.64     0.190
   -6.21   -18.36    -8.05        -6.24   -18.30    -8.08     0.075
  -29.16    10.26   -28.80       -29.14    10.23   -28.79     0.032
   20.00     2.43    62.10        19.98     2.44    62.09     0.026
   21.08    10.68    58.75        21.21    10.70    58.77     0.133
    2.49    21.40    36.32         2.49    21.36    36.31     0.046
  -15.91     1.18   -45.43       -15.92     1.17   -45.41     0.017
  -14.92   -10.48    -0.60       -14.94   -10.51    -0.58     0.040
    3.18    18.90    54.77         3.20    18.85    54.77     0.049
   -6.63   -10.00     8.15        -6.59    -9.93     8.13     0.085
   -7.17     5.96    37.69        -7.19     5.96    37.69     0.023
  -13.68   -28.75   -37.17       -13.68   -28.75   -37.17     0.004
  -14.70     5.63   -10.61       -14.68     5.60   -10.62     0.046
  -34.70     5.20   -34.49       -34.72     5.22   -34.50     0.035
   -0.02    -6.22    46.17        -0.05    -6.28    46.17     0.072
   -4.10    -3.30   -38.55        -4.17    -3.34   -38.50     0.094
  -15.01    13.12    21.20       -15.08    13.07    21.16     0.095
   -6.57    16.33    12.25        -6.55    16.32    12.26     0.029
    0.45    -5.69   -28.10         0.38    -5.74   -28.05     0.101
