200 PA4-E-Debug-Output.txt 0
   36.76    13.14    -3.68        36.75    13.13    -3.68     0.018
  -25.36   -27.48   -39.86       -25.37   -27.54   -39.92     0.083
  -13.12   -23.21   -10.13       -13.05   -23.29   -10.06     0.128
  -15.39   -27.10   -40.50       -15.39   -27.10   -40.50     0.004
   15.77    20.24    48.36        15.73    20.19    48.35     0.057
   -7.08    -3.30    28.24        -7.15    -3.34    28.25     0.078
   13.15    17.10   -15.53        13.06    17.04   -15.51     0.108
   -2.12    12.08    -1.83        -2.13    12.09    -1.84     0.009
   -4.03    -6.73    30.01        -3.94    -6.60    29.98     0.167
  -42.02    -6.57   -17.62       -42.06    -6.57   -17.59     0.042
   13.29    -7.77    15.53        13.34    -8.04    15.60     0.275
  -21.69    12.12   -30.09       -21.68    11.99   -30.07     0.133
  -19.34   -31.72   -34.13       -19.35   -31.69   -34.12     0.029
   26.72     8.17   -30.30        26.72     8.16   -30.32     0.019
  -19.03   -20.49   -46.72       -19.02   -20.51   -46.77     0.062
   32.50    -7.66   -12.00        32.58    -7.74   -11.98     0.114
   -9.57   -10.08     3.96        -9.58   -10.10     3.97     0.028
  -37.91     4.62   -26.59       -37.91     4.62   -26.59     0.001
   -5.89   -19.75   -10.02        -5.91   -19.70   -10.07     0.074
   28.71    -1.49    18.77        28.73    -1.50    18.78     0.019
   -2.33    -7.57   -37.44        -2.29    -7.56   -37.45     0.043
   33.33    17.43    -9.90        33.39    17.49    -9.92     0.086
   -4.38    -0.83   -32.58        -4.36    -0.82   -32.58     0.019
   28.85     3.57    21.93        28.85     3.57    21.92     0.002
   17.85    26.26     7.31        17.82    26.11     7.28     0.164
   11.47    22.20    34.53        11.47    22.13    34.52     0.070
   12.95    -6.10    35.46        12.95    -6.10    35.46     0.008
  -19.76    12.14   -25.62       -19.76    12.15   -25.61     0.004
   23.41    -1.16    33.70        23.39    -1.14    33.69     0.034
   -6.30    24.74    22.99        -6.30    24.75    22.99     0.011
  -25.32   -15.62   -47.94       -25.32   -15.62   -47.92     0.025
  -37.15   -21.83   -14.89       -36.98   -21.74   -14.99     0.210
  -20.46   -30.10   -15.35       -20.46   -29.99   -15.42     0.129
  -12.83    -4.49     7.05       -12.91    -4.53     7.08     0.097
   21.34   -14.52    -4.15        21.32   -14.48    -4.18     0.052
  -25.47     4.74   -14.04       -25.47     4.73   -14.05     0.009
   15.60    27.40    -0.75        15.64    27.13    -0.77     0.274
   17.67   -17.33    -7.36        17.67   -17.35    -7.36     0.021
  -18.30   -32.20   -30.80       -18.28   -32.28   -30.81     0.086
  -10.47    16.52    37.68       -10.44    16.54    37.64     0.043
  -26.20   -18.53   -46.94       -26.20   -18.53   -46.91     0.027
  -22.27     7.41   -16.35       -22.27     7.45   -16.32     0.044
   19.52    -0.42    58.18        19.42    -0.36    58.17     0.113
  -41.26    -3.33   -17.50       -41.24    -3.34   -17.51     0.025
   35.45     1.47   -19.90        35.36     1.46   -19.87     0.095
  -15.75     8.72   -37.91       -15.74     8.75   -37.93     0.035
  -23.18   -31.30   -18.48       -23.16   -31.21   -18.51     0.093
    0.91    -6.58   -27.47         0.97    -6.57   -27.53     0.086
  -38.25     3.26   -31.37       -38.21     3.21   -31.35     0.063
   34.19    12.48   -19.17        34.13    12.46   -19.15     0.065
  -24.20    11.97   -27.48       -24.21    12.06   -27.49     0.089
   14.31    20.43   -29.89        14.31    20.44   -29.91     0.026
   11.38    10.54   -12.69        11.39    10.50   -12.63     0.079
   37.18    -1.45    -1.25        37.14    -1.41    -1.25     0.060
  -21.06   -10.39   -49.08       -21.04   -10.40   -49.06     0.030
   -1.68   -14.09   -37.50        -1.77   -14.09   -37.47     0.092
   20.36    14.35    52.08        20.39    14.37    52.09     0.033
  -11.91     3.33    15.08       -11.85     3.33    15.06     0.065
   23.07     1.88    42.50        22.96     1.91    42.48     0.113
  -18.73    -5.53    -1.99       -18.71    -5.52    -2.01     0.025
  -29.13   -16.26   -47.15       -29.13   -16.25   -47.12     0.025
   14.24    -2.78   -22.14        14.24    -2.78   -22.16     0.022
   33.73    -5.58     4.71        33.79    -5.65     4.71     0.091
    7.36   -15.76    -4.25         7.39   -15.63    -4.31     0.144
   -5.13    -2.44    49.42        -4.96    -2.34    49.43     0.197
   20.74    10.59    61.79        20.61    10.55    61.75     0.143
   17.15    21.54    35.80        17.16    21.57    35.81     0.033
   24.18    11.11    35.78        24.35    11.17    35.82     0.188
  -43.53   -13.30   -23.56       -43.49   -13.30   -23.56     0.036
   19.67     2.26    62.30        19.72     2.24    62.33     0.057
   14.11    18.22   -30.78        14.13    18.23   -30.75     0.042
   -0.93    -6.33    43.14        -0.87    -6.15    43.11     0.187
   17.62    19.74   -29.80        17.63    19.76   -29.83     0.042
  -36.97    -8.58    -9.19       -36.95    -8.58    -9.21     0.028
   14.31    -5.78    39.24        14.32    -5.81    39.23     0.035
   -5.98    16.91    12.01        -6.04    16.93    11.97     0.080
  -29.66   -29.90   -33.43       -29.67   -29.93   -33.45     0.039
   15.08   -15.40   -14.41        15.06   -15.49   -14.46     0.104
  -11.58   -14.14    -2.75       -11.58   -14.13    -2.76     0.012
   23.33    18.52    25.25        23.25    18.47    25.22     0.102
   24.14    21.30   -24.40        24.11    21.28   -24.37     0.042
   10.81    17.30   -11.00        10.87    17.32   -10.96     0.076
    4.34    -7.43    62.45         4.34    -7.44    62.45     0.008
  -13.56    -3.43     6.68       -13.63    -3.47     6.72     0.081
    2.70    16.82    -0.50         2.75    16.78    -0.48     0.073
   23.94    10.75   -30.86        23.94    10.75   -30.89     0.031
   -6.74   -25.30   -17.49        -6.77   -25.26   -17.52     0.059
    2.94    23.07    28.30         2.96    23.19    28.32     0.130
    5.48   -13.41   -22.22         5.44   -13.39   -22.17     0.073
   38.78     8.50    -6.21        38.91     8.55    -6.24     0.142
   17.10    -3.28    56.66        17.08    -3.26    56.65     0.026
    9.50   -11.90   -20.41         9.47   -11.82   -20.33     0.120
  -10.74    22.79    19.33       -10.74    22.77    19.35     0.021
   -6.89   -21.29   -40.49        -6.92   -21.26   -40.46     0.050
  -15.81     2.63    -1.89       -15.80     2.62    -1.89     0.017
   17.52    25.35   -14.45        17.51    25.46   -14.46     0.116
  -30.30   -27.68   -15.51       -30.29   -27.67   -15.52     0.018
  -15.98    11.59   -27.14       -15.92    11.72   -27.13     0.150
  -36.90   -20.25   -39.32       -36.84   -20.21   -39.28     0.088
    3.67    -2.16   -23.74         3.68    -2.16   -23.76     0.016
   22.78   -14.95    -7.08        22.81   -14.99    -7.07     0.057
  -42.20   -13.80   -28.05       -42.32   -13.77   -28.13     0.143
   -7.52     7.91    37.59        -7.59     7.89    37.59     0.071
   24.43     0.50   -28.54        24.43     0.50   -28.54     0.004
    4.88     9.86   -12.63         4.88     9.85   -12.63     0.012
   30.03    21.00     4.61        29.94    20.90     4.59     0.132
  -15.81    18.87    28.45       -15.98    18.92    28.50     0.185
   11.60     7.99    62.99        11.60     7.99    62.99     0.005
   18.56    -3.77    39.46        18.64    -3.88    39.49     0.133
    4.53    -0.03   -22.57         4.50    -0.06   -22.51     0.076
    6.28   -14.17   -20.49         6.35   -14.25   -20.53     0.110
    7.91   -12.01   -21.55         7.92   -12.03   -21.56     0.026
    6.02   -15.87   -17.97         5.96   -15.80   -17.94     0.098
   -6.30     1.52    53.57        -6.50     1.45    53.58     0.206
  -40.55   -19.83   -30.91       -40.57   -19.84   -30.91     0.024
   -2.03   -22.92   -29.03        -2.06   -22.89   -29.02     0.041
  -12.06   -29.83   -32.44       -11.99   -29.93   -32.47     0.128
  -37.80   -13.17   -42.23       -37.75   -13.16   -42.20     0.053
   -6.32   -17.62    -6.93        -6.30   -17.66    -6.90     0.060
    4.10     9.88   -12.81         4.10     9.76   -12.74     0.141
   21.04    24.67   -22.66        21.07    24.74   -22.67     0.083
   29.73     0.97   -28.35        29.72     0.97   -28.34     0.012
  -23.77   -30.77   -17.64       -23.75   -30.85   -17.61     0.085
  -16.46    10.10   -36.17       -16.48    10.05   -36.16     0.061
   23.12    13.32    39.66        22.96    13.24    39.64     0.174
   -6.33     2.39    60.50        -6.31     2.40    60.50     0.023
   35.93    14.17    -6.49        35.87    14.13    -6.50     0.069
  -16.11   -12.38    -3.07       -16.12   -12.39    -3.05     0.027
   25.60    23.80   -16.53        25.55    23.70   -16.53     0.112
   32.76    -6.53     3.72        32.73    -6.49     3.72     0.042
  -42.62   -16.81   -25.15       -42.68   -16.84   -25.14     0.058
   11.63    20.73   -13.48        11.53    20.77   -13.52     0.106
   38.37     6.85    -9.96        38.48     6.88   -10.01     0.124
  -27.80   -28.50   -14.47       -27.78   -28.38   -14.52     0.129
  -21.31   -13.43   -47.53       -21.26   -13.39   -47.64     0.127
  -25.60    10.07   -33.99       -25.61    10.11   -34.00     0.043
   25.37    23.79     3.83        25.38    23.80     3.83     0.013
  -42.60    -2.31   -27.70       -42.56    -2.33   -27.70     0.044
   -5.22    11.60    55.37        -5.30    11.63    55.38     0.086
   -5.46   -16.85    -6.19        -5.45   -16.94    -6.15     0.098
   33.65     0.68   -23.36        33.58     0.68   -23.31     0.089
  -15.20    -1.54   -46.84       -15.20    -1.54   -46.82     0.015
   11.84     0.18    63.14        11.84     0.18    63.11     0.034
   -1.11   -20.16   -32.86        -1.13   -20.14   -32.86     0.024
  -34.77     3.75   -15.57       -34.78     3.75   -15.56     0.013
   10.56    -6.48    44.37        10.56    -6.47    44.37     0.012
   -6.12    -2.43    35.12        -6.19    -2.44    35.13     0.070
  -21.75    -9.32   -49.35       -21.75    -9.31   -49.37     0.027
  -31.69     6.96   -35.29       -31.66     6.90   -35.27     0.069
   -2.93    16.43     8.03        -2.93    16.42     8.03     0.008
   -5.77    -0.20    61.68        -5.63    -0.20    61.69     0.135
   -3.11    22.13    15.11        -3.11    22.15    15.10     0.033
   29.78    -1.67    16.98        29.86    -1.74    17.05     0.129
   -6.63     1.45    53.86        -6.51     1.49    53.86     0.130
   20.75   -14.26   -17.57        20.76   -14.23   -17.53     0.051
   -7.69     3.77   -36.15        -7.64     3.81   -36.18     0.074
   32.77    15.58    10.11        32.79    15.59    10.12     0.032
    1.15    10.01   -10.54         1.14    10.04   -10.55     0.027
   19.26    -4.13   -23.54        19.26    -4.13   -23.53     0.008
   22.80    22.23    15.43        22.77    22.18    15.41     0.055
  -26.60    -3.65   -47.36       -26.60    -3.66   -47.33     0.030
   28.48     2.87   -29.85        28.47     2.86   -29.83     0.019
   -3.99    14.37    56.40        -3.93    14.31    56.40     0.087
  -31.14    -8.75    -6.42       -31.11    -8.75    -6.45     0.043
   21.58    11.35    52.59        21.62    11.36    52.60     0.050
    5.47    20.53    42.32         5.45    20.63    42.33     0.104
   -4.84    -9.90   -42.19        -4.83    -9.90   -42.20     0.009
    6.46    21.46    36.94         6.46    21.44    36.94     0.023
   12.56   -17.14    -7.84        12.58   -17.09    -7.83     0.055
   -8.55   -10.45   -45.79        -8.54   -10.45   -45.79     0.007
    6.54    -5.78   -23.21         6.55    -5.78   -23.23     0.024
   31.69     0.05    15.45        31.75     0.03    15.49     0.069
  -19.17   -14.33   -48.86       -19.18   -14.30   -48.75     0.111
   10.60    22.15    34.73        10.61    22.02    34.71     0.126
   25.15    17.26    22.70        25.01    17.18    22.66     0.166
    6.37     6.11   -16.69         6.37     6.12   -16.70     0.019
  -22.03   -10.03    -4.21       -22.02   -10.02    -4.22     0.019
  -30.27     6.35   -38.12       -30.25     6.32   -38.10     0.040
  -24.76   -21.44   -45.76       -24.76   -21.40   -45.71     0.070
  -12.31    14.01    34.75       -12.29    14.02    34.73     0.025
  -25.16   -30.96   -34.71       -25.15   -30.92   -34.69     0.043
  -28.90    -9.42    -6.54       -28.97    -9.53    -6.63     0.162
   -6.22   -18.38    -8.06        -6.26   -18.31    -8.09     0.087
  -29.19    10.23   -28.79       -29.19    10.21   -28.79     0.012
   20.02     2.41    62.08        19.99     2.42    62.06     0.037
   21.09    10.66    58.73        21.22    10.68    58.75     0.127
    2.49    21.38    36.31         2.49    21.36    36.31     0.021
  -15.95     1.15   -45.43       -15.95     1.16   -45.43     0.010
  -14.93   -10.51    -0.60       -14.94   -10.52    -0.59     0.017
    3.19    18.87    54.76         3.20    18.85    54.76     0.023
   -6.63   -10.03     8.14        -6.59    -9.93     8.11     0.109
   -7.16     5.94    37.69        -7.18     5.93    37.69     0.020
  -13.70   -28.77   -37.17       -13.71   -28.76   -37.17     0.014
  -14.73     5.61   -10.61       -14.71     5.58   -10.62     0.033
  -34.73     5.16   -34.48       -34.76     5.19   -34.49     0.038
   -0.01    -6.24    46.16        -0.03    -6.29    46.16     0.054
   -4.13    -3.32   -38.55        -4.18    -3.35   -38.52     0.062
  -15.02    13.09    21.20       -15.07    13.05    21.17     0.071
   -6.59    16.30    12.24        -6.57    16.29    12.26     0.031
    0.42    -5.71   -28.11         0.37    -5.75   -28.07     0.078
