400 PA5-F-Debug-Answer.txt 6
  -41.1786  182.6598  -54.7299 -156.6264   78.2592 -134.0537
   -1.13     6.63    42.78        -1.12     6.63    42.78     0.002
  -38.76   -20.57   -15.69       -38.73   -20.55   -15.73     0.047
   30.67     1.67   -29.74        30.66     1.67   -29.74     0.008
  -23.95   -34.09   -33.62       -23.97   -34.26   -33.60     0.163
  -41.16     6.38   -31.24       -41.08     6.29   -31.24     0.120
    8.20    13.77     5.79         8.25    13.67     5.82     0.115
  -30.03   -24.14   -12.08       -30.04   -24.16   -12.15     0.079
    1.39    -7.61   -29.14         1.34    -7.61   -29.12     0.055
   19.38    25.47    16.20        19.42    25.49    16.23     0.050
   -8.93   -12.17   -45.17        -8.95   -12.16   -45.15     0.032
  -43.80     1.81   -27.16       -43.77     1.80   -27.16     0.032
   -5.30   -13.36    -4.48        -5.30   -13.38    -4.46     0.022
   16.53    26.31     2.36        16.60    26.21     2.37     0.128
   24.84    22.78    10.53        24.87    22.81    10.54     0.048
    6.04     0.39   -23.08         6.00     0.38   -23.04     0.053
   18.69    18.11    35.68        18.55    18.15    35.64     0.150
    4.94    -3.47    36.20         5.00    -3.38    36.19     0.109
   -7.73    14.65    30.34        -7.69    14.58    30.37     0.085
   12.97    21.10    -0.77        13.01    21.09    -0.76     0.042
   18.88    -3.38     9.81        18.81    -3.36     9.75     0.093
    9.02    20.88    58.04         8.97    20.94    58.03     0.079
    1.19    17.93    34.52         1.21    17.83    34.54     0.106
  -15.69     5.26   -51.84       -15.69     5.26   -51.85     0.010
    3.82    -4.13    27.01         3.80    -4.15    27.02     0.035
  -41.82   -17.09   -16.13       -41.81   -17.08   -16.14     0.023
    6.49   -13.90   -23.36         6.47   -13.91   -23.32     0.042
   12.87    13.26    -0.95        12.86    13.26    -0.95     0.009
  -42.37   -19.92   -38.36       -42.42   -19.95   -38.36     0.057
   11.39    -0.25   -21.38        11.38    -0.24   -21.40     0.027
  -34.29     7.03   -46.10       -34.28     6.99   -46.08     0.042
    2.88   -25.55   -25.12         2.86   -25.50   -25.10     0.060
    6.42    -7.87    26.14         6.42    -7.87    26.14     0.005
  -30.16   -18.30    -9.70       -30.17   -18.31    -9.69     0.016
    6.82     8.42    67.23         6.80     8.52    67.25     0.103
    0.57   -24.41    -8.59         0.57   -24.41    -8.60     0.008
    7.09    16.55    51.22         7.03    16.67    51.25     0.135
   14.49    24.71     6.48        14.48    24.73     6.48     0.014
    3.25    18.16    36.53         3.23    18.02    36.53     0.137
   15.01   -11.79     9.63        15.00   -11.70     9.59     0.105
   24.99    24.25     0.32        24.97    24.21     0.32     0.045
    9.90   -16.95    -0.80         9.88   -16.97    -0.79     0.029
    0.45    15.24    21.47         0.46    15.23    21.47     0.010
    3.24     8.52     0.18         3.20     8.59     0.17     0.081
   11.51     0.77   -20.36        11.52     0.79   -20.39     0.034
    9.34    18.18    35.75         9.31    18.26    35.75     0.093
   12.49    19.77    -0.13        12.45    19.72    -0.05     0.110
   13.05    23.47    59.61        13.02    23.45    59.61     0.038
  -24.57   -29.15   -15.07       -24.58   -29.12   -15.10     0.037
   -2.57    -4.66     8.60        -2.55    -4.65     8.59     0.029
  -37.43   -13.48   -54.16       -37.47   -13.49   -54.23     0.078
    4.95    -8.47    11.03         4.92    -8.51    11.06     0.062
   17.41    11.06    34.39        17.47    11.06    34.39     0.061
   17.37    10.97    34.09        17.49    10.97    34.09     0.120
    5.33   -20.63    -9.74         5.33   -20.63    -9.73     0.010
   10.49   -11.52    15.80        10.59   -11.63    15.82     0.147
    6.38    -3.56    62.80         6.37    -3.59    62.80     0.034
   -3.26    -9.81   -34.19        -3.28    -9.78   -34.21     0.039
   34.49     3.36    -7.25        34.52     3.34    -7.25     0.045
  -34.27   -23.38   -14.09       -34.26   -23.37   -14.11     0.020
   -9.40    10.29   -30.04        -9.47    10.27   -30.02     0.075
   12.32    24.27    51.90        12.19    24.38    51.86     0.180
   29.08     2.67     4.33        29.11     2.67     4.34     0.038
   14.60     3.37    42.40        14.66     3.33    42.40     0.079
   -4.91     7.99    44.19        -4.87     8.14    44.17     0.153
   -1.32     8.69    49.99        -1.33     8.69    49.98     0.012
   11.42    14.50     2.66        11.42    14.50     2.66     0.001
    1.25     2.72    64.67         0.99     2.68    64.86     0.325
  -24.63    -5.30   -56.59       -24.64    -5.31   -56.56     0.037
    5.60    -3.71   -24.17         5.58    -3.70   -24.16     0.023
  -15.71   -28.96   -45.08       -15.68   -29.04   -45.12     0.094
    2.99    -0.90    38.88         2.81    -1.12    38.92     0.288
  -24.54   -28.52   -47.49       -24.53   -28.50   -47.48     0.024
  -14.89   -25.86   -12.27       -14.88   -25.85   -12.28     0.021
    7.36    -2.86    45.99         7.36    -2.96    45.99     0.100
   21.42    25.57    12.80        21.43    25.57    12.81     0.019
    6.13     9.45    64.61         6.12     9.47    64.62     0.025
   17.48     8.94    31.86        17.59     8.94    31.87     0.115
  -40.33   -12.99   -51.40       -40.33   -12.99   -51.39     0.006
    7.88    -3.10    55.61         7.86    -3.05    55.61     0.055
   -5.80    16.13    34.75        -5.79    16.08    34.76     0.050
    5.88   -20.21    -9.69         5.90   -20.23    -9.66     0.040
  -20.55    13.03   -42.63       -20.56    13.06   -42.68     0.063
    2.47    16.97    29.50         2.48    16.94    29.51     0.032
  -17.78   -29.54   -45.39       -17.80   -29.45   -45.35     0.105
    9.90    -6.75    29.00         9.78    -6.68    28.96     0.146
  -11.96   -15.09    -6.32       -11.96   -15.08    -6.34     0.025
  -28.08     9.06   -44.76       -28.08     9.10   -44.78     0.038
    6.95    -3.82    37.77         6.91    -4.12    37.80     0.309
  -44.31    -7.10   -26.28       -44.38    -7.13   -26.29     0.076
   25.55    -1.70     4.33        25.55    -1.69     4.33     0.011
    3.86    -2.63    55.52         3.74    -2.72    55.52     0.156
    1.75    -7.62   -28.19         1.75    -7.62   -28.19     0.003
    0.33     3.07    43.65         0.31     3.06    43.65     0.028
   15.28    -6.86    15.35        15.35    -6.92    15.41     0.117
   13.64    16.42    -2.16        13.61    16.40    -2.21     0.063
   15.54    25.65     4.58        15.52    25.68     4.58     0.036
  -35.95   -10.17   -55.48       -35.93   -10.17   -55.43     0.062
   20.52   -14.10     1.88        20.49   -14.10     1.86     0.037
    4.51    15.78    48.29         4.51    15.78    48.29     0.002
    3.13    -1.33   -25.97         3.11    -1.35   -25.93     0.053
   -9.42     9.54    33.09        -9.49     9.40    33.05     0.155
    3.32    -7.49    10.19         3.36    -7.46    10.17     0.059
   19.39    12.97   -25.78        19.35    12.92   -25.76     0.064
    0.17     4.62    50.98        -0.03     4.56    50.99     0.217
   29.57    17.83    -7.79        29.65    17.85    -7.77     0.087
   17.81    13.01    30.99        17.93    13.00    31.00     0.118
  -39.30   -27.67   -32.22       -39.20   -27.60   -32.21     0.120
   32.61     1.05    -7.92        32.68     0.93    -7.92     0.136
   -5.91   -28.90   -15.97        -5.91   -28.91   -15.97     0.003
   13.79     8.00   -10.99        13.80     7.95   -10.97     0.052
  -15.61    -4.00   -56.54       -15.59    -4.00   -56.55     0.017
   15.57    14.84    50.64        15.52    14.83    50.64     0.055
    1.07    -8.56     6.07         1.10    -8.47     6.02     0.102
    3.38    15.33    21.03         3.32    15.44    21.00     0.131
  -33.11     9.37   -24.94       -33.11     9.36   -24.94     0.007
    0.33    16.72    31.56         0.36    16.69    31.58     0.048
   14.18     9.97    -6.14        14.27     9.85    -6.13     0.151
   33.46     5.65   -16.53        33.48     5.66   -16.53     0.020
  -34.35     7.83   -21.58       -34.34     7.82   -21.58     0.018
   32.83    14.91   -16.85        32.82    14.91   -16.85     0.007
  -13.79   -28.79   -44.19       -13.81   -28.76   -44.17     0.035
   -7.55     4.27    -8.22        -7.55     4.29    -8.22     0.019
   -1.27    12.35    48.55        -1.26    12.35    48.55     0.010
  -23.59   -28.01   -13.75       -23.58   -27.99   -13.77     0.030
   16.11     8.96    52.08        16.21     8.97    52.09     0.106
  -35.56     2.52   -49.73       -35.53     2.48   -49.68     0.073
  -20.03   -32.86   -39.60       -19.99   -32.92   -39.63     0.080
   -5.34    -9.32   -39.27        -5.29    -9.33   -39.28     0.058
   32.21    13.04    -8.01        32.22    13.05    -8.01     0.011
   12.12     1.48   -19.75        12.12     1.47   -19.74     0.015
   26.90    22.28    -1.14        26.89    22.31    -1.16     0.034
   17.19    16.44   -27.12        17.26    16.44   -27.12     0.064
   32.62    12.95   -11.45        32.59    12.87   -11.45     0.080
   22.15    -0.55     9.62        22.22    -0.63     9.70     0.130
   -1.42    14.36    22.92        -1.26    14.26    22.99     0.204
   26.40    -0.93     5.13        26.38    -0.92     5.12     0.024
   16.96    27.10    11.55        16.98    27.19    11.52     0.091
  -35.68    -0.25   -11.17       -35.69    -0.25   -11.17     0.004
  -42.97    -7.45   -15.66       -42.99    -7.45   -15.65     0.018
   14.75     2.88    57.40        14.69     2.95    57.41     0.090
    9.26    18.41    39.16         9.33    18.24    39.15     0.184
  -21.61   -27.10   -12.90       -21.61   -27.09   -12.92     0.024
   -1.84     7.20    12.55        -1.82     7.18    12.55     0.031
   -2.83   -27.00   -13.66        -2.82   -26.96   -13.66     0.049
    3.55    15.78    24.02         3.40    16.13    23.96     0.387
   17.20     9.94    36.90        17.27     9.94    36.91     0.073
   -3.43   -17.50   -37.30        -3.40   -17.49   -37.31     0.035
   30.36     0.44   -16.67        30.36     0.45   -16.67     0.008
    0.84    15.40    21.54         0.83    15.40    21.54     0.009
   13.17    11.59    63.48        13.14    11.64    63.39     0.105
  -40.53    -6.22   -46.45       -40.55    -6.21   -46.45     0.017
  -30.25    12.26   -27.35       -30.35    12.39   -27.31     0.172
  -44.08    -8.86   -17.81       -44.10    -8.87   -17.79     0.030
   -3.08   -24.76    -8.60        -3.08   -24.78    -8.64     0.040
    3.48     4.80    65.84         3.48     4.80    65.83     0.009
   -7.25    13.38    28.97        -7.27    13.36    28.92     0.062
   18.69    25.54    -7.87        18.69    25.55    -7.88     0.012
    2.16    -1.13    56.68         2.13    -1.16    56.68     0.045
   12.97   -17.91    -8.56        12.99   -17.82    -8.51     0.104
    9.52    18.98    29.14         9.51    18.99    29.14     0.016
    5.85    16.09    16.97         5.78    16.18    16.96     0.116
  -25.91   -30.95   -18.03       -25.92   -30.99   -18.01     0.046
    0.30    15.00    21.20         0.32    14.98    21.21     0.027
  -20.40   -26.61   -51.15       -20.41   -26.59   -51.13     0.033
   18.26    23.95   -23.76        18.26    23.96   -23.76     0.008
    8.79    -2.83    36.52         8.85    -2.85    36.53     0.066
   -5.63    -7.32   -39.46        -5.60    -7.32   -39.47     0.029
   -0.76     6.22    40.00        -0.72     6.26    40.00     0.056
   -4.22   -12.31   -35.67        -4.28   -12.34   -35.66     0.066
   -3.41     4.08    13.77        -3.40     4.08    13.76     0.014
  -28.12   -33.83   -26.67       -28.12   -33.87   -26.67     0.036
  -13.86   -22.88   -50.60       -13.85   -22.88   -50.62     0.019
   16.56   -11.43     8.71        16.42   -11.26     8.66     0.225
    2.30    -6.26   -27.72         2.35    -6.28   -27.74     0.059
  -14.60   -31.48   -41.58       -14.62   -31.43   -41.56     0.058
    1.67    -6.75   -29.15         1.66    -6.74   -29.15     0.008
   29.09    -1.50   -22.58        29.11    -1.52   -22.58     0.026
  -16.89   -27.35   -13.99       -16.90   -27.30   -14.00     0.053
   -9.43     3.09    -7.66        -9.49     3.25    -7.58     0.188
   16.64    21.00   -10.69        16.62    21.00   -10.68     0.019
   28.51    21.50    -5.19        28.51    21.49    -5.18     0.004
   20.04    -4.21     6.43        20.01    -4.17     6.42     0.052
  -23.62    -5.18   -56.57       -23.62    -5.19   -56.55     0.021
  -15.99   -19.07   -54.06       -15.99   -19.07   -54.06     0.003
   17.07     6.05    31.62        17.24     6.02    31.64     0.180
   -8.69     8.40    34.83        -8.67     8.44    34.84     0.045
   15.04    24.22    -1.60        15.02    24.23    -1.60     0.018
   -4.24     8.04    42.65        -4.31     7.83    42.66     0.222
   -5.94   -25.57   -36.72        -5.91   -25.58   -36.73     0.040
  -18.03   -33.52   -28.73       -18.03   -33.49   -28.73     0.034
  -34.16   -30.98   -38.02       -34.17   -31.00   -38.03     0.025
   12.38    -4.67    25.48        12.23    -4.64    25.45     0.151
   -3.35   -21.25   -38.72        -3.33   -21.25   -38.74     0.031
    8.03    -4.31    37.89         7.98    -4.30    37.88     0.049
   24.17    -6.50    -7.26        24.21    -6.52    -7.26     0.042
   -5.56    11.36    28.34        -5.55    11.37    28.37     0.034
    8.75    10.80    66.17         8.76    10.77    66.10     0.069
    9.05    13.41     6.00         9.03    13.43     5.99     0.034
   18.52    25.49    17.56        18.52    25.50    17.56     0.008
   -6.69    -3.23     3.60        -6.76    -3.32     3.67     0.126
    0.89    -0.65    29.38         0.88    -0.66    29.38     0.011
  -13.53   -25.29   -11.29       -13.53   -25.26   -11.34     0.062
   31.03    13.92   -20.26        30.98    13.89   -20.24     0.061
  -43.18     2.76   -31.38       -43.11     2.74   -31.38     0.065
  -21.04   -17.13   -56.04       -21.04   -17.13   -56.03     0.018
    8.75     6.32    63.71         8.76     6.33    63.66     0.051
   26.68    19.08     4.49        26.70    19.08     4.50     0.020
    7.92    -2.57    48.58         7.97    -2.66    48.58     0.101
  -13.76   -16.81    -7.41       -13.75   -16.81    -7.43     0.020
  -29.81   -27.99   -45.66       -29.85   -28.12   -45.74     0.156
   22.05    18.35   -25.52        22.06    18.36   -25.54     0.025
    8.14     9.74    -3.38         8.13     9.76    -3.38     0.021
   32.89     4.62    -5.68        32.88     4.62    -5.68     0.011
    8.33    -2.63    52.70         8.32    -2.62    52.70     0.016
   33.15     7.35   -21.66        33.15     7.35   -21.66     0.001
   30.91     1.26    -1.51        30.86     1.30    -1.55     0.078
   -0.77     4.43    27.97        -0.86     4.36    28.01     0.127
  -22.86   -16.57    -8.95       -22.85   -16.56    -9.02     0.078
  -24.33    15.26   -23.03       -24.33    15.32   -23.02     0.065
   32.95     4.18   -22.68        33.00     4.19   -22.69     0.051
   19.05     1.07    16.15        19.09     1.04    16.17     0.056
   12.79    23.93    58.82        12.82    23.95    58.83     0.037
  -15.68   -27.31   -14.31       -15.70   -27.23   -14.34     0.086
   -1.38   -17.00    -6.85        -1.38   -17.00    -6.85     0.002
    4.87    -2.69    39.05         4.83    -2.73    39.06     0.060
   18.03    19.69    38.53        18.12    19.68    38.55     0.097
   16.10     7.01    52.03        15.95     7.04    52.03     0.159
  -43.54     0.83   -34.11       -43.52     0.82   -34.10     0.020
   16.07    23.00    28.84        16.07    23.01    28.83     0.015
    7.97    -4.44    37.29         7.97    -4.45    37.29     0.012
  -38.05    -4.43   -11.04       -38.05    -4.43   -11.06     0.021
   32.86     8.00   -21.30        32.82     7.98   -21.30     0.038
   -9.97   -30.46   -28.40        -9.97   -30.46   -28.40     0.001
  -14.42   -19.96   -52.30       -14.38   -20.00   -52.33     0.059
    1.09    16.20    45.41         1.08    16.02    45.33     0.194
  -27.53   -23.36   -52.97       -27.54   -23.39   -53.00     0.045
   17.17   -13.02     4.75        17.17   -13.01     4.72     0.038
   11.15    -0.69    41.15        11.21    -0.75    41.17     0.088
   -2.85     5.52   -21.83        -2.85     5.53   -21.83     0.008
    1.70    15.11    47.01         1.70    15.14    47.01     0.026
   26.42    -3.92   -17.12        26.42    -3.92   -17.12     0.007
   15.07     9.41    62.88        15.08     9.41    62.92     0.035
  -13.15     0.61   -51.75       -13.15     0.61   -51.75     0.003
    7.23    18.57    55.89         7.11    18.67    55.87     0.154
   13.33    -1.42    27.33        13.32    -1.40    27.32     0.027
  -12.41   -27.07   -13.86       -12.40   -27.13   -13.83     0.063
  -11.85   -27.49   -14.64       -11.85   -27.52   -14.60     0.056
  -16.36   -21.24    -8.69       -16.35   -21.27    -8.64     0.063
   -1.28   -20.86   -37.30        -1.27   -20.85   -37.31     0.019
  -20.28   -33.64   -38.36       -20.26   -33.68   -38.37     0.044
   -8.00   -24.43    -9.67        -8.01   -24.44    -9.66     0.025
  -44.29    -9.50   -24.08       -44.35    -9.50   -24.09     0.053
  -31.77    -4.36   -55.52       -31.76    -4.37   -55.49     0.036
    6.80    -3.06    49.02         6.81    -3.05    49.02     0.008
   22.70     5.52    12.06        22.80     5.48    12.14     0.134
   -1.52    -8.04   -31.81        -1.52    -8.04   -31.81     0.008
  -22.19   -10.05   -57.20       -22.21   -10.05   -57.11     0.085
   23.97    -3.24     1.56        23.99    -3.27     1.57     0.035
   16.56    26.02    -0.62        16.66    25.85    -0.59     0.195
   28.49    -1.55   -23.24        28.44    -1.56   -23.28     0.067
   16.68    -8.71    11.90        16.60    -8.65    11.84     0.111
    8.26    14.58     8.64         8.26    14.58     8.65     0.005
    7.18    -3.20    43.07         7.20    -3.04    43.06     0.162
  -30.87    11.21   -40.76       -30.84    11.16   -40.73     0.064
   20.42     0.94    13.06        20.56     0.88    13.16     0.176
    1.48     0.66    42.05         1.51     0.69    42.05     0.043
  -25.97   -20.37    -9.46       -25.97   -20.37    -9.45     0.009
    6.94     9.32    -2.96         6.91     9.37    -2.98     0.057
   16.68    18.26   -20.36        16.60    18.24   -20.36     0.089
   14.07     1.08    36.58        14.05     1.09    36.57     0.027
  -36.73     5.41   -20.60       -36.73     5.40   -20.60     0.008
   20.59    22.58    21.73        20.64    22.67    21.74     0.104
    7.65    -2.65    49.93         7.79    -2.83    49.92     0.232
   22.24    -5.71   -12.93        22.23    -5.68   -12.92     0.033
   17.27     5.66   -21.46        17.32     5.61   -21.49     0.076
  -40.38     6.20   -35.92       -40.41     6.22   -35.92     0.029
  -26.97   -28.44   -46.50       -26.95   -28.35   -46.45     0.099
  -26.61    13.03   -21.74       -26.67    13.08   -21.64     0.126
   14.37     3.39    48.19        14.40     3.38    48.19     0.039
   -6.23    12.25    45.68        -6.27    12.26    45.64     0.062
   17.71    15.19   -15.72        17.72    15.19   -15.72     0.010
  -33.69    -1.61   -10.30       -33.69    -1.60   -10.27     0.032
   -6.37    15.60    31.55        -6.35    15.53    31.56     0.074
    7.41    -4.34    37.48         7.43    -4.26    37.46     0.079
  -34.54   -29.45   -41.10       -34.58   -29.54   -41.13     0.103
   -3.76     9.55    47.93        -3.66     9.56    47.88     0.109
    2.92    -1.77   -26.21         2.93    -1.76   -26.24     0.032
   10.15    16.90     4.96        10.14    16.90     4.96     0.013
  -11.99   -23.33   -11.51       -11.99   -23.32   -11.50     0.011
  -42.01     5.16   -31.27       -42.06     5.21   -31.29     0.070
    1.61   -26.20   -25.88         1.54   -26.11   -25.85     0.112
  -31.15   -10.39    -8.74       -31.13   -10.36    -8.72     0.040
   22.99    12.67    16.47        23.01    12.67    16.48     0.016
   32.92    16.52   -14.20        32.92    16.52   -14.20     0.002
   -9.09    11.95    30.64        -9.10    11.95    30.62     0.019
   21.25   -10.83     0.70        21.22   -10.82     0.69     0.034
  -14.33    14.37   -28.28       -14.39    14.28   -28.32     0.115
   -8.26    -3.22     2.35        -8.25    -3.20     2.34     0.022
   13.14     1.18    52.81        13.11     1.21    52.81     0.032
  -10.20   -19.44   -46.78       -10.14   -19.44   -46.84     0.082
   -9.46     9.48    43.76        -9.45     9.43    43.79     0.062
  -42.41    -6.20   -37.62       -42.45    -6.21   -37.63     0.043
  -22.26    13.71   -41.31       -22.25    13.70   -41.30     0.017
   17.63     7.78    30.77        17.62     7.79    30.77     0.015
  -38.12   -18.81   -50.39       -38.06   -18.74   -50.35     0.100
    6.42   -10.71     7.98         6.41   -10.81     7.98     0.102
   16.02    -0.73    22.01        16.04    -0.77    22.01     0.047
   -2.53    13.06    24.34        -2.54    13.06    24.34     0.013
  -34.04     7.52   -45.26       -34.02     7.47   -45.23     0.065
   20.92    -8.21     2.55        20.79    -8.21     2.51     0.142
  -31.49   -31.45   -40.50       -31.52   -31.50   -40.54     0.067
   16.19    11.78    46.99        16.10    11.77    46.98     0.082
  -22.93   -32.72   -41.05       -22.90   -32.75   -41.13     0.085
  -12.48    -3.86    -2.63       -12.53    -3.89    -2.58     0.067
   10.24    17.81    63.74        10.24    17.81    63.73     0.001
    6.40   -20.98   -17.74         6.39   -20.98   -17.74     0.002
  -43.44   -17.66   -35.21       -43.37   -17.63   -35.22     0.076
   15.42    14.59    51.42        15.49    14.60    51.43     0.068
   14.96    17.29    52.66        14.81    17.25    52.64     0.163
  -14.14   -32.11   -27.62       -14.18   -32.01   -27.63     0.108
    6.22    -3.62    64.02         6.21    -3.50    63.98     0.132
   28.82    15.24    -1.70        28.84    15.23    -1.68     0.031
    1.05   -19.01   -31.16         1.04   -19.03   -31.14     0.032
   -7.67    -9.75    -0.84        -7.67    -9.74    -0.85     0.013
   -0.73     0.24    18.57        -0.81     0.23    18.58     0.083
   16.88   -13.34     4.56        16.88   -13.35     4.58     0.028
   27.83    19.69   -16.00        27.85    19.72   -16.01     0.036
  -17.64    15.38   -29.66       -17.63    15.41   -29.65     0.033
    8.02   -12.65   -21.09         8.10   -12.68   -21.14     0.104
    4.57   -21.86   -12.08         4.57   -21.86   -12.08     0.001
   25.30    -5.47   -10.56        25.24    -5.43   -10.56     0.072
  -35.66   -24.20   -16.22       -35.67   -24.22   -16.22     0.015
    6.22    16.84    48.97         6.31    16.75    48.95     0.127
  -26.27    12.51   -40.32       -26.28    12.52   -40.32     0.008
  -36.76     8.94   -34.20       -36.77     8.98   -34.20     0.042
   27.96    15.61     0.15        27.92    15.63     0.14     0.042
   11.69    21.67    11.70        11.61    21.75    11.70     0.111
  -10.42    -2.63   -47.17       -10.42    -2.63   -47.17     0.007
  -38.24    -7.70    -9.81       -38.21    -7.66    -9.79     0.056
   24.29    18.71   -22.96        24.34    18.72   -22.99     0.052
   12.37     0.55    56.56        12.49     0.44    56.55     0.167
  -44.43    -7.66   -25.78       -44.32    -7.63   -25.76     0.114
  -39.80   -24.15   -41.33       -39.79   -24.14   -41.33     0.011
    0.09    13.90    56.13         0.15    13.85    56.14     0.080
   21.23    11.55    20.14        21.14    11.59    20.11     0.106
   15.73     4.46    38.31        15.87     4.38    38.32     0.167
    3.58    -1.41    39.63         3.48    -1.52    39.65     0.157
  -34.96   -30.73   -24.51       -34.99   -30.79   -24.50     0.068
  -17.63     3.05   -53.34       -17.63     3.06   -53.37     0.034
  -20.88     4.22   -13.63       -20.89     4.23   -13.58     0.051
    8.17    17.81    39.58         8.17    17.80    39.58     0.008
   11.00    20.26    41.55        10.93    20.31    41.54     0.093
   -0.71     6.06    41.80        -0.71     6.06    41.80     0.005
   26.45     0.19   -28.85        26.50     0.19   -28.80     0.072
   20.10    27.01    11.52        20.01    26.76    11.49     0.269
  -23.62   -14.65   -57.08       -23.61   -14.65   -57.10     0.021
  -31.57   -20.17   -10.22       -31.52   -20.16   -10.27     0.069
   -2.38    12.13    47.47        -2.37    12.12    47.47     0.013
   31.17     2.43    -1.72        31.20     2.43    -1.71     0.035
   18.27     6.71   -21.12        18.35     6.63   -21.15     0.119
  -15.82   -23.17   -51.40       -15.87   -23.13   -51.34     0.083
   -9.51     6.17   -36.06        -9.59     6.14   -36.04     0.088
   20.88    -3.62   -21.29        20.82    -3.56   -21.26     0.088
   26.98    20.84   -14.80        26.96    20.81   -14.79     0.041
  -27.06     5.07   -50.65       -27.06     5.05   -50.64     0.021
  -29.96   -33.11   -38.42       -29.97   -33.14   -38.43     0.037
   13.71    23.58    16.70        13.73    23.47    16.67     0.118
  -32.36     6.21   -47.55       -32.37     6.23   -47.58     0.032
    5.91   -11.53     3.62         5.89   -11.58     3.64     0.053
  -15.53   -32.30   -37.46       -15.50   -32.33   -37.46     0.042
   -8.83    -0.43   -42.71        -8.80    -0.43   -42.73     0.040
  -30.89     9.54   -42.94       -30.92     9.63   -43.00     0.114
  -35.96     6.89   -44.88       -35.95     6.86   -44.87     0.028
   16.83     2.81    27.12        16.78     2.82    27.11     0.060
  -33.97     4.63   -11.10       -33.93     4.67   -11.12     0.050
    6.14    -8.75    18.49         6.11    -8.78    18.49     0.045
  -41.65   -23.83   -24.91       -41.57   -23.79   -24.91     0.092
   -1.97     0.60    15.63        -2.00     0.58    15.65     0.040
  -24.76     5.68   -49.59       -24.76     5.65   -49.56     0.046
   16.27    -1.60    18.50        16.25    -1.58    18.50     0.033
   28.40    12.55   -25.72        28.40    12.57   -25.74     0.022
   14.17     3.26    47.72        14.32     3.17    47.73     0.167
   12.54    24.71    52.84        12.54    24.70    52.84     0.010
  -37.08   -29.33   -37.45       -37.12   -29.37   -37.45     0.059
   -3.98    16.96    39.42        -3.98    16.93    39.43     0.033
    2.03    -2.63    23.26         1.94    -2.73    23.26     0.127
   21.36    12.22   -27.45        21.42    12.24   -27.47     0.063
    9.82    13.40     4.28         9.83    13.36     4.28     0.042
  -20.55   -13.41    -7.60       -20.56   -13.41    -7.59     0.010
  -38.12     2.94   -48.17       -38.09     2.90   -48.14     0.059
   17.75    17.71    39.80        17.62    17.74    39.78     0.140
   33.31    11.98   -11.16        33.33    11.99   -11.16     0.032
   -1.06    13.96    22.05        -1.02    13.94    22.06     0.047
  -42.23     5.02   -31.72       -42.16     4.97   -31.70     0.089
  -25.09     3.43   -13.06       -25.10     3.43   -13.08     0.022
   15.42     4.84    45.87        15.41     4.85    45.87     0.008
   16.53    23.84   -12.72        16.40    23.82   -12.73     0.132
   32.57    11.43   -18.55        32.58    11.43   -18.57     0.030
   -1.41    11.78    53.02        -1.35    11.73    53.01     0.080
    8.78   -16.07    -0.80         8.84   -16.01    -0.81     0.091
