400 PA5-E-Debug-Answer.txt 6
   75.7747   29.1093   76.2348 -148.7808   -3.0898   64.6832
  -24.13     6.62   -19.40       -24.06     6.67   -19.31     0.123
   21.34    14.20   -29.25        21.37    14.21   -29.24     0.030
   -1.74   -18.49   -30.17        -1.68   -18.50   -30.17     0.055
   26.51    11.49   -32.02        26.51    11.49   -32.05     0.033
  -41.84    -0.63   -24.48       -41.74    -0.71   -24.49     0.128
  -20.00     1.55   -14.48       -19.99     1.54   -14.52     0.036
   19.45     3.08    45.98        19.52     3.04    45.99     0.085
   20.60    23.89   -20.34        20.46    23.95   -20.34     0.151
   12.86    -2.56    48.05        12.80    -2.49    48.04     0.092
   14.42    20.51    38.55        14.41    20.26    38.55     0.250
   12.22    15.87    63.76        12.22    15.86    63.75     0.009
    1.38    -7.53    43.33         1.37    -7.49    43.33     0.047
    2.52    26.94    15.89         2.55    27.09    15.86     0.157
   22.25    23.62   -28.25        22.26    23.61   -28.23     0.023
  -26.80     6.59   -33.60       -26.81     6.61   -33.60     0.014
   19.34    26.38     3.93        19.34    26.34     3.92     0.042
   19.45   -13.96   -12.23        19.44   -13.92   -12.21     0.050
   24.93    -0.37    18.77        24.94    -0.38    18.78     0.015
   26.40    16.04   -28.86        26.42    16.09   -28.89     0.064
  -30.51     4.02   -14.80       -30.54     4.04   -14.78     0.036
   28.45    -3.16   -26.31        28.46    -3.17   -26.33     0.022
   -8.29   -26.14   -15.71        -8.23   -26.19   -15.67     0.090
  -21.41   -11.13    -4.35       -21.43   -11.14    -4.32     0.036
   -0.05    10.92    54.03        -0.13    11.02    54.03     0.127
    2.42    15.99    44.67         2.50    15.89    44.66     0.133
  -25.65   -29.48   -40.13       -25.63   -29.41   -40.04     0.119
   19.07     5.41   -26.26        19.04     5.41   -26.30     0.053
   36.83    10.22    -9.15        36.82    10.22    -9.15     0.010
   33.82    18.77   -12.63        33.83    18.77   -12.63     0.002
   -4.49     3.50    63.57        -4.35     3.46    63.56     0.153
  -15.39     1.76   -12.80       -15.40     1.84   -12.76     0.084
   -4.55    -3.65    69.62        -4.55    -3.65    69.61     0.006
  -11.68     6.42   -23.24       -11.68     6.39   -23.25     0.037
  -10.16   -29.66   -33.98       -10.14   -29.70   -33.99     0.046
   38.91     2.48    -0.51        38.88     2.50    -0.47     0.063
   -1.39     0.32   -26.97        -1.38     0.32   -26.99     0.022
   -0.14    -7.51    68.99        -0.15    -7.70    69.09     0.214
   20.71    -9.67    -3.50        20.73    -9.63    -3.54     0.058
  -22.27     6.78   -36.42       -22.27     6.77   -36.42     0.011
   22.93    16.42    32.34        22.87    16.42    32.33     0.059
   11.11    -3.13    47.42        11.20    -3.32    47.43     0.212
   16.57    26.65     3.52        16.57    26.59     3.52     0.056
   -3.06     6.32    29.69        -3.10     6.34    29.70     0.035
  -11.32   -30.43   -33.11       -11.32   -30.42   -33.11     0.013
   27.23    -0.67    16.94        27.27    -0.66    16.99     0.067
    8.10    25.03    22.38         8.10    25.11    22.40     0.075
   36.72     9.92   -11.85        36.70     9.92   -11.85     0.018
   -5.53   -24.69   -36.67        -5.53   -24.69   -36.67     0.003
   10.30    -3.84    43.67        10.33    -3.89    43.68     0.057
   16.43    18.14   -12.59        16.41    18.16   -12.61     0.038
   -8.54     3.21   -32.81        -8.56     3.19   -32.81     0.030
   25.18    -6.03   -22.72        25.15    -5.93   -22.68     0.116
  -10.04   -25.44   -40.18       -10.03   -25.44   -40.18     0.009
   19.84     4.63    46.40        19.82     4.63    46.40     0.020
  -36.83   -22.96   -11.09       -36.88   -23.00   -11.02     0.093
   21.52    10.68    37.37        21.65    10.67    37.39     0.130
    1.23     8.38   -19.87         1.23     8.31   -19.85     0.072
    0.13   -14.34    -7.96         0.14   -14.37    -7.96     0.031
    5.86    -8.91   -22.31         5.81    -8.87   -22.27     0.078
   -5.26    17.51    29.18        -5.26    17.52    29.17     0.016
  -16.52    -8.64   -47.17       -16.52    -8.64   -47.17     0.002
   -2.46   -14.57   -34.79        -2.51   -14.59   -34.78     0.050
  -25.63     1.24   -42.54       -25.63     1.24   -42.55     0.009
  -37.65    -1.04   -14.38       -37.70    -1.00   -14.35     0.069
   -3.64     5.86    54.36        -3.51     5.79    54.37     0.147
    8.21     9.60    69.97         8.21     9.60    69.97     0.005
  -41.95   -20.96   -36.46       -41.95   -20.96   -36.43     0.031
  -42.37   -24.27   -30.04       -42.42   -24.31   -30.04     0.065
   -6.34    16.46    23.75        -6.24    16.52    23.76     0.123
    2.38    17.03     7.71         2.38    17.03     7.71     0.005
    6.08    11.31    70.39         6.07    11.31    70.41     0.022
  -10.64   -13.96   -46.07       -10.66   -13.96   -46.05     0.029
  -21.65     7.99   -33.32       -21.66     8.03   -33.34     0.050
  -14.75   -24.49   -43.67       -14.76   -24.46   -43.63     0.052
    3.64   -13.85     0.88         3.67   -13.79     0.88     0.066
    5.21    -9.33    14.18         5.18    -9.14    14.14     0.195
  -33.62   -28.38   -15.52       -33.67   -28.43   -15.48     0.083
   -4.68     1.91    68.48        -4.61     1.89    68.44     0.080
   12.86    -3.14   -23.88        12.87    -3.14   -23.87     0.013
   -5.85    -1.84    44.94        -5.92    -1.87    44.96     0.070
    4.61    -6.46    69.73         4.61    -6.47    69.74     0.011
    1.35    -8.45    23.89         1.37    -8.56    23.91     0.121
   -6.36   -21.82   -13.96        -6.38   -21.81   -13.97     0.028
    0.93   -10.66   -25.28         0.85   -10.63   -25.22     0.102
  -20.49    -5.94    -5.89       -20.51    -5.91    -5.86     0.045
    0.88   -13.39    -5.99         0.91   -13.46    -5.96     0.083
   20.33    20.80    35.71        20.31    20.66    35.72     0.142
   -2.73     8.66    26.14        -2.80     8.66    26.13     0.068
   25.35    -2.82    17.95        25.29    -2.78    17.91     0.083
   -7.37    -9.99   -44.52        -7.39    -9.98   -44.48     0.046
   20.52    21.08    26.29        20.53    21.18    26.31     0.107
   -6.92    -1.00    19.07        -6.93    -0.99    19.07     0.003
  -37.25    -0.88   -13.90       -37.28    -0.85   -13.88     0.043
   35.84     1.24     8.86        35.81     1.25     8.83     0.047
   -1.69    12.47    12.73        -1.58    12.47    12.80     0.125
   29.50    23.29   -21.59        29.43    23.18   -21.56     0.126
   13.99    21.79    -8.26        14.04    21.77    -8.22     0.068
   -6.02    -1.83    43.40        -6.02    -1.83    43.40     0.002
  -33.22   -21.56    -8.47       -33.25   -21.56    -8.42     0.053
   -9.57   -18.35   -44.72        -9.58   -18.34   -44.69     0.039
   -6.43     5.68   -26.54        -6.44     5.61   -26.52     0.069
   -4.65     5.36     4.35        -4.70     5.42     4.35     0.078
  -25.38   -34.44   -31.73       -25.40   -34.51   -31.73     0.069
  -41.62   -10.69   -11.13       -41.61   -10.70   -11.14     0.023
  -13.87    -1.86    -2.37       -13.94    -1.80    -2.35     0.097
   39.06     2.01     0.06        39.00     2.01     0.04     0.071
   -7.41   -20.98   -12.23        -7.40   -21.00   -12.20     0.042
   -0.53    23.78     9.79        -0.53    23.78     9.80     0.016
   22.69    23.08   -28.45        22.69    23.08   -28.47     0.014
   36.90     2.42   -16.33        36.85     2.41   -16.32     0.051
  -35.66   -30.17   -28.10       -35.70   -30.23   -28.11     0.080
  -43.25   -20.77   -35.59       -43.28   -20.82   -35.64     0.072
   25.75    -7.07     9.29        25.75    -7.07     9.29     0.002
   19.37    20.94   -28.69        19.38    20.94   -28.69     0.010
    1.08    -8.67    22.14         1.11    -8.83    22.15     0.165
   18.58     0.97    39.94        18.53     1.01    39.94     0.066
  -17.18   -11.22   -47.82       -17.18   -11.22   -47.81     0.011
    2.99    -6.74    56.68         3.03    -6.85    56.68     0.117
    4.32    -7.00    61.78         4.27    -6.81    61.80     0.195
  -33.21    -1.44   -14.33       -33.19    -1.50   -14.39     0.092
  -14.43   -23.58   -10.08       -14.43   -23.58   -10.07     0.008
  -17.06    -3.12    -5.31       -17.07    -3.10    -5.30     0.023
  -20.89   -10.45    -3.86       -20.87   -10.44    -3.90     0.045
   12.05    20.63    33.52        12.10    20.82    33.56     0.195
   14.79    -2.53   -24.48        14.79    -2.52   -24.45     0.025
  -11.69   -30.81   -21.70       -11.60   -30.95   -21.68     0.167
   -1.09    19.44    33.01        -1.01    19.37    32.94     0.124
  -14.21   -30.94   -35.42       -14.21   -30.93   -35.42     0.009
    2.88    10.84    -3.20         2.87    10.85    -3.20     0.008
   16.07    26.13     6.53        16.10    26.39     6.57     0.259
   12.65    26.15    10.49        12.61    25.96    10.47     0.188
  -15.50     3.89   -37.58       -15.48     3.94   -37.60     0.057
  -19.48   -12.36   -48.52       -19.47   -12.36   -48.53     0.017
   -2.16   -12.64   -26.50        -2.12   -12.64   -26.52     0.046
   -3.39    -8.96    19.46        -3.38    -8.92    19.47     0.044
   -4.96   -10.86   -38.06        -4.91   -10.82   -38.07     0.062
   -5.92    -8.97    15.63        -5.91    -8.89    15.61     0.086
   30.29    22.86   -19.55        30.27    22.83   -19.55     0.041
   12.64    -5.21    15.80        12.60    -5.12    15.76     0.110
   -4.40    -5.11    44.05        -4.25    -4.94    44.04     0.229
   18.70    -1.49    26.21        18.71    -1.52    26.22     0.026
    5.65    16.55    51.41         5.55    16.67    51.43     0.160
  -20.02     5.34   -20.49       -20.03     5.25   -20.52     0.093
  -25.78    -0.74   -14.71       -25.78    -0.75   -14.74     0.039
   18.36     1.48    47.18        18.25     1.57    47.16     0.144
    0.94    12.09    50.95         0.89    12.14    50.95     0.063
   11.04    -5.19    19.67        11.00    -5.11    19.66     0.096
  -20.18     8.46   -23.87       -20.17     8.47   -23.87     0.015
  -40.53   -18.47   -40.29       -40.64   -18.53   -40.39     0.159
  -45.92   -13.28   -33.62       -45.93   -13.33   -33.64     0.061
   14.99    -1.62    42.51        15.02    -1.67    42.52     0.063
   18.22     2.18    49.81        18.33     2.09    49.82     0.143
  -25.20     7.08   -19.36       -25.18     7.12   -19.31     0.063
   24.65     9.24    24.93        24.66     9.24    24.93     0.016
   -5.22    -2.89    59.01        -5.32    -2.90    59.00     0.099
  -43.92   -18.32   -34.76       -43.91   -18.33   -34.76     0.007
   -7.98   -12.65    -1.37        -7.96   -12.88    -1.30     0.241
  -23.38     7.59   -34.16       -23.37     7.49   -34.13     0.107
   22.20    20.39   -30.03        22.16    20.38   -29.97     0.075
    5.76    -8.13    18.07         5.79    -8.24    18.09     0.117
   19.45    22.44    21.34        19.44    22.38    21.32     0.058
   -6.30   -24.11   -38.47        -6.35   -24.08   -38.42     0.075
  -27.64   -24.22    -7.03       -27.64   -24.23    -6.99     0.048
   -0.90    12.74    41.53        -0.83    12.72    41.51     0.067
  -23.49   -18.75    -7.06       -23.49   -18.74    -7.00     0.068
  -35.16     4.71   -26.53       -35.11     4.64   -26.52     0.087
   36.30    -1.14     1.75        36.33    -1.17     1.80     0.065
  -43.38    -8.59   -40.18       -43.38    -8.58   -40.17     0.009
   11.08    20.66    34.62        11.08    20.76    34.65     0.107
    0.66    -7.75    57.70         0.62    -7.62    57.70     0.134
   -3.34     6.75    23.21        -3.30     6.74    23.21     0.046
   18.26     0.93    42.81        18.29     0.90    42.81     0.050
    5.03    16.85    48.93         5.03    16.86    48.94     0.002
   23.87    20.79    21.52        23.88    20.80    21.52     0.009
   -3.19    -7.23    60.92        -3.20    -7.24    60.92     0.012
   25.05    -9.90   -14.70        25.04    -9.90   -14.70     0.005
   -5.29    -1.97    58.77        -5.42    -2.00    58.77     0.138
   30.50     9.22    14.16        30.44     9.22    14.13     0.064
  -35.04   -22.25    -9.54       -35.02   -22.24    -9.59     0.055
  -10.05   -21.88   -11.50       -10.04   -21.88   -11.49     0.007
    4.41    -6.89    66.34         4.42    -6.96    66.34     0.068
   36.80     9.46   -10.51        36.81     9.46   -10.51     0.007
   29.97    -3.33    13.87        30.11    -3.55    13.90     0.267
  -29.33     0.73   -15.75       -29.30     0.70   -15.66     0.100
   18.82     9.21    54.20        18.83     9.21    54.20     0.004
   -3.61    -7.28    68.11        -3.60    -7.27    68.11     0.010
  -40.93   -10.47   -10.73       -40.94   -10.47   -10.72     0.009
    1.29   -13.68   -20.03         1.28   -13.64   -20.02     0.050
  -30.24    -1.55   -14.20       -30.24    -1.59   -14.25     0.066
   -5.53   -14.23   -42.29        -5.54   -14.22   -42.28     0.012
    1.07    18.82    36.73         1.05    18.85    36.75     0.043
    9.54     3.38   -21.36         9.54     3.36   -21.34     0.024
   13.63    10.17   -17.95        13.61    10.21   -17.98     0.054
   22.33    -4.16    15.88        22.33    -4.16    15.88     0.001
   -5.34     0.11    54.66        -5.44     0.13    54.66     0.103
   14.37    25.44    12.29        14.38    25.56    12.31     0.117
  -10.62   -14.83    -5.65       -10.65   -14.75    -5.69     0.097
   -3.05   -22.82   -21.42        -3.02   -22.85   -21.41     0.053
   25.57    25.05    -1.54        25.62    25.13    -1.53     0.089
  -26.69     8.05   -22.29       -26.68     7.97   -22.30     0.077
  -25.83   -33.72   -20.62       -25.83   -33.78   -20.61     0.064
   32.37     1.61    11.42        32.32     1.57    11.38     0.076
   -4.89    -6.74    31.31        -4.81    -6.63    31.24     0.144
  -34.24     1.95   -37.81       -34.23     1.94   -37.81     0.007
   -6.73    17.96    24.39        -6.61    17.97    24.39     0.119
  -22.81     8.66   -31.23       -22.78     8.57   -31.21     0.100
   26.66    24.72   -21.97        26.66    24.72   -21.98     0.008
   11.96   -12.52   -13.88        12.01   -12.38   -13.81     0.165
   -0.31   -10.17    13.70        -0.32   -10.09    13.68     0.077
   10.98    23.98    23.90        10.98    23.98    23.90     0.001
    0.89    -7.37    52.78         0.94    -7.54    52.77     0.183
   -6.00    22.02    17.45        -6.12    22.03    17.44     0.126
  -45.13   -11.57   -16.84       -45.17   -11.56   -16.82     0.040
   23.86    19.75    24.86        23.85    19.74    24.86     0.011
    0.32   -10.77    10.51         0.31   -10.71    10.49     0.055
   -0.76     2.17   -26.17        -0.77     2.13   -26.13     0.048
   15.19    13.45    65.81        15.02    13.36    65.77     0.195
   39.05     4.89    -0.70        39.11     4.88    -0.69     0.058
   -3.74   -19.88   -35.33        -3.72   -19.88   -35.33     0.018
   29.69    -4.37    -5.07        29.62    -4.26    -5.04     0.142
  -10.69   -29.38   -17.19       -10.75   -29.30   -17.22     0.111
  -38.37   -22.39   -11.98       -38.35   -22.38   -11.99     0.022
   16.60    11.74    63.24        16.53    11.68    63.24     0.088
   22.66    23.98    11.48        22.60    23.84    11.45     0.152
   20.46    23.28   -28.26        20.47    23.27   -28.25     0.022
   -7.02     0.70   -32.75        -7.02     0.69   -32.74     0.007
   15.29    19.42   -10.59        15.29    19.42   -10.59     0.002
  -40.67    -4.43   -14.77       -40.73    -4.35   -14.72     0.106
   -4.47     2.70    29.20        -4.46     2.69    29.19     0.014
  -21.10    -4.52    -7.78       -21.11    -4.51    -7.77     0.010
   22.68    23.83    11.52        22.67    23.80    11.51     0.031
   -5.55    -4.59    68.74        -5.51    -4.58    68.69     0.065
    3.41    18.83     6.50         3.45    18.82     6.53     0.046
    0.33     4.49   -23.84         0.36     4.51   -23.87     0.048
   36.65     4.25   -16.70        36.57     4.24   -16.70     0.077
   23.89     6.76    26.65        23.92     6.75    26.66     0.030
    4.45    -6.18    48.05         4.50    -6.31    48.05     0.143
    0.26   -12.10   -24.78         0.25   -12.09   -24.77     0.015
   32.35    16.85     8.33        32.33    16.84     8.32     0.024
    6.58    16.40    -0.49         6.56    16.42    -0.51     0.029
   27.52    13.20   -31.04        27.51    13.30   -31.12     0.130
   28.77    11.53    17.26        28.70    11.54    17.21     0.086
  -42.12    -1.06   -28.63       -42.11    -1.08   -28.63     0.018
   -3.40    25.04    12.14        -3.48    25.13    12.10     0.125
    1.28    -7.64    67.03         1.29    -7.65    67.03     0.016
   -7.42    -8.97   -44.57        -7.42    -8.97   -44.57     0.003
    7.91    24.65     7.38         7.85    24.77     7.33     0.136
    5.61    23.31     6.75         5.61    23.31     6.75     0.008
    0.59    -8.96   -26.41         0.59    -8.96   -26.42     0.005
  -30.81   -29.23   -12.55       -30.76   -29.20   -12.58     0.064
   -0.38     2.71   -25.59        -0.38     2.70   -25.58     0.015
   -2.50   -10.14    11.28        -2.50   -10.16    11.28     0.022
    8.22    22.92     3.98         8.31    22.91     4.02     0.097
    0.72     8.18   -19.70         0.72     8.33   -19.75     0.153
   20.54    24.46    11.69        20.54    24.38    11.68     0.076
   -3.20     7.87    17.39        -3.25     7.88    17.39     0.056
   -4.52    23.33    12.39        -4.47    23.33    12.45     0.074
   33.03    -3.61   -15.50        33.01    -3.57   -15.51     0.052
    3.91    -6.97    32.61         3.85    -6.81    32.59     0.168
   -2.68    11.77    15.95        -2.60    11.78    15.96     0.076
   -7.16     0.83   -33.38        -7.15     0.83   -33.38     0.002
   26.63    24.52    -5.25        26.61    24.49    -5.25     0.035
    8.50    -2.01   -23.97         8.51    -1.98   -23.91     0.064
   33.68    12.44     9.93        33.71    12.45     9.95     0.041
  -17.74   -33.63   -28.03       -17.74   -33.63   -28.03     0.006
  -19.86     1.34   -14.43       -19.87     1.38   -14.41     0.049
   23.61    -7.93     5.26        23.63    -7.89     5.25     0.046
   22.97   -10.08    -3.94        22.97   -10.16    -3.91     0.087
   -0.24    -2.21    69.86        -0.24    -2.21    69.83     0.025
  -11.26    -8.95   -45.99       -11.26    -8.95   -45.99     0.003
   20.70     8.46   -27.79        20.72     8.45   -27.78     0.029
   22.08    26.34   -25.73        22.07    26.23   -25.72     0.110
   -2.18   -20.23   -30.58        -2.26   -20.23   -30.56     0.083
   -2.42    -6.95    43.20        -2.26    -6.69    43.19     0.307
  -15.38   -32.45   -32.12       -15.37   -32.46   -32.12     0.019
  -41.89   -17.85   -39.44       -41.86   -17.83   -39.41     0.044
   39.08     5.27    -0.30        39.07     5.27    -0.30     0.014
  -34.81   -26.96   -38.35       -34.82   -26.96   -38.36     0.007
  -47.69   -12.72   -34.20       -47.73   -12.72   -34.20     0.038
   20.08    18.14    46.15        19.95    18.13    46.13     0.134
   -4.64     3.49    65.45        -4.39     3.44    65.46     0.263
  -23.77    -0.23   -43.92       -23.78    -0.28   -43.86     0.071
  -25.26   -34.77   -27.20       -25.26   -34.73   -27.21     0.041
  -16.31     4.52   -18.66       -16.33     4.56   -18.65     0.046
  -46.72    -8.62   -25.98       -46.74    -8.61   -25.98     0.015
    6.21    21.27     4.57         6.24    21.23     4.61     0.066
   -2.93   -19.24   -17.66        -2.98   -19.23   -17.67     0.048
    6.71   -14.85    -3.52         6.76   -14.74    -3.49     0.131
  -12.90     2.89   -14.26       -12.92     2.97   -14.23     0.090
   -4.93    -4.95    59.24        -4.75    -4.83    59.28     0.227
   26.20    10.25   -32.04        26.23    10.27   -31.97     0.081
   23.18     4.01    26.65        23.14     4.02    26.64     0.043
  -41.21   -18.97   -13.20       -41.13   -18.93   -13.25     0.105
  -44.62   -15.98   -32.62       -44.65   -15.98   -32.63     0.032
   -9.84     4.18   -13.81        -9.87     4.23   -13.79     0.069
    8.11    18.30    -0.09         8.05    18.36    -0.13     0.088
   19.98    18.00   -20.15        19.94    17.99   -20.15     0.043
  -14.72   -26.75   -41.69       -14.76   -26.68   -41.61     0.114
   17.01    -0.42    40.22        17.05    -0.48    40.23     0.076
  -21.51   -31.29   -38.60       -21.50   -31.36   -38.67     0.097
  -27.69   -31.73   -36.80       -27.67   -31.67   -36.75     0.076
   19.70     4.95    48.13        19.61     4.97    48.12     0.094
  -38.03   -27.75   -32.30       -38.08   -27.81   -32.31     0.080
   -6.78    -1.06    19.87        -6.89    -1.04    19.87     0.116
   -5.87    -1.92   -32.33        -5.82    -1.90   -32.36     0.066
  -35.37   -28.28   -17.51       -35.38   -28.30   -17.51     0.024
  -23.32   -22.74    -7.62       -23.35   -22.71    -7.67     0.058
  -44.04   -16.52   -35.86       -43.96   -16.49   -35.85     0.087
    0.81    25.85    24.27         0.81    25.87    24.28     0.019
   10.03   -13.71   -10.25        10.00   -13.81   -10.35     0.150
  -42.84    -4.23   -36.11       -42.85    -4.23   -36.11     0.008
    3.16    24.98    26.25         3.14    24.83    26.20     0.155
   -4.05    21.37    11.97        -4.04    21.38    11.98     0.017
  -18.24   -33.72   -28.12       -18.24   -33.75   -28.12     0.023
  -17.64   -33.26   -32.74       -17.63   -33.27   -32.74     0.016
  -29.90   -31.33   -16.21       -29.89   -31.27   -16.22     0.063
   -2.67   -12.78   -28.72        -2.70   -12.80   -28.71     0.030
   21.05    -3.22   -25.16        21.05    -3.23   -25.16     0.005
  -43.57   -18.14   -36.02       -43.55   -18.14   -36.02     0.017
   24.05    14.76    26.96        24.19    14.76    27.01     0.154
   12.32    25.61    13.00        12.35    25.74    13.02     0.138
   -3.28     5.54    30.47        -3.36     5.56    30.47     0.086
    0.11    24.35    10.04         0.10    24.38    10.02     0.033
   34.36    -0.86     9.07        34.33    -0.85     9.06     0.024
  -17.10   -24.42   -44.36       -17.09   -24.43   -44.38     0.028
   -6.28    -8.59   -43.55        -6.26    -8.58   -43.56     0.026
   32.43    -2.26    10.82        32.55    -2.37    10.85     0.172
    0.76    17.17    38.85         0.84    17.10    38.81     0.121
   12.76    -9.50   -18.61        12.77    -9.44   -18.57     0.066
   19.47    -9.54    -3.48        19.52    -9.63    -3.42     0.126
  -12.77   -32.15   -25.35       -12.76   -32.19   -25.35     0.039
   26.30    24.56    -7.62        26.30    24.57    -7.62     0.006
  -35.08   -27.14   -15.09       -35.05   -27.09   -15.11     0.059
   -1.13    -7.90    60.21        -1.11    -7.82    60.21     0.083
  -10.54   -15.14    -6.03       -10.60   -14.95    -6.12     0.219
    2.68    22.90    30.53         2.69    22.86    30.51     0.044
   -4.35    -2.73   -31.07        -4.36    -2.74   -31.05     0.022
  -11.86     0.53    -4.43       -11.94     0.64    -4.42     0.140
    7.25   -15.03    -3.74         7.29   -14.94    -3.72     0.100
   19.02    14.91    48.55        19.04    14.90    48.55     0.021
   30.18    12.93    15.31        30.14    12.93    15.29     0.044
  -14.48   -31.94   -20.78       -14.47   -31.96   -20.78     0.021
   -5.01    -9.08    15.15        -5.01    -9.12    15.16     0.040
   18.47    18.70   -14.90        18.54    18.71   -14.87     0.083
   13.53    26.30     7.13        13.52    26.39     7.14     0.094
   36.15     8.16   -16.33        36.16     8.16   -16.33     0.016
    8.14    19.58    41.18         8.12    19.48    41.16     0.097
    1.72    14.48     7.66         1.78    14.48     7.70     0.076
   19.95    26.72    -2.12        19.95    26.77    -2.12     0.046
   -2.72     6.65    -4.71        -2.70     6.61    -4.71     0.046
    2.28    15.87    44.24         2.32    15.84    44.23     0.049
   19.96    26.25     4.13        19.96    26.25     4.14     0.002
   29.90    -3.73    -5.70        29.96    -3.84    -5.74     0.129
   24.06    25.99    -5.58        24.07    26.04    -5.58     0.053
   12.46   -14.44    -2.78        12.47   -14.46    -2.77     0.022
  -43.56    -9.01   -15.24       -43.52    -9.04   -15.27     0.050
    1.42     4.04   -23.62         1.43     4.05   -23.63     0.016
  -37.24   -28.46   -21.53       -37.26   -28.49   -21.53     0.035
  -42.42   -16.49   -13.76       -42.37   -16.47   -13.79     0.064
   12.19    23.69    23.43        12.24    23.81    23.46     0.136
   -1.94    12.47    13.33        -1.93    12.46    13.34     0.015
   -2.98     8.78    16.67        -2.96     8.77    16.67     0.021
   14.23    -4.43   -23.34        14.23    -4.44   -23.35     0.013
  -46.41   -16.37   -25.13       -46.29   -16.32   -25.16     0.125
  -46.45   -13.41   -20.90       -46.39   -13.39   -20.92     0.065
    6.42    -5.46    35.49         6.45    -5.51    35.49     0.054
   13.88    10.58   -17.84        13.90    10.55   -17.81     0.052
   30.00     4.74    14.03        29.93     4.75    13.97     0.091
   26.99    24.27    -1.66        26.96    24.21    -1.67     0.059
   -3.27    -5.07    69.64        -3.27    -5.07    69.62     0.016
   30.51    17.16    12.80        30.53    17.18    12.81     0.030
   26.02    -5.80    16.37        26.05    -5.85    16.38     0.050
   19.05    13.74    48.47        19.05    13.74    48.47     0.008
    2.26    10.98    69.09         2.27    10.96    69.06     0.037
  -44.95   -12.97   -37.81       -45.01   -13.00   -37.82     0.068
  -10.08     4.48   -31.68       -10.08     4.48   -31.68     0.003
   20.53    22.71   -29.13        20.56    22.70   -29.08     0.059
   32.55    10.08   -31.19        32.63    10.13   -31.28     0.126
   22.92    26.04   -13.89        22.92    26.05   -13.89     0.010
   23.25     5.40    27.83        23.20     5.41    27.82     0.059
    1.39     3.19    69.61         1.39     3.19    69.63     0.025
  -25.76     1.47   -42.30       -25.76     1.48   -42.31     0.018
  -35.77    -0.65   -13.30       -35.78    -0.64   -13.34     0.040
    4.67   -10.53     9.46         4.66   -10.47     9.45     0.065
   31.73    -3.31     7.89        31.66    -3.21     7.88     0.127
  -47.33   -10.93   -34.63       -47.41   -10.91   -34.63     0.074
   21.98     5.69    32.97        22.05     5.67    32.98     0.076
   -4.99    -4.62    59.72        -4.97    -4.61    59.73     0.026
  -36.95    -4.57   -40.92       -36.92    -4.59   -40.88     0.047
  -25.86   -32.14   -36.89       -25.87   -32.18   -36.92     0.052
   10.23    -3.59    65.56        10.28    -3.66    65.55     0.081
  -37.73     2.36   -29.60       -37.79     2.44   -29.62     0.100
    8.85    21.31    32.29         8.87    21.44    32.32     0.139
   19.27     4.69    51.59        19.27     4.70    51.59     0.005
    3.98    17.84    44.36         4.01    17.80    44.34     0.054
    6.42    17.98    48.47         6.46    17.91    48.46     0.078
  -38.21    -9.03   -10.16       -38.20    -9.04   -10.17     0.013
    3.81   -13.88     0.02         3.81   -13.87     0.02     0.006
   -8.96   -21.75   -12.03        -8.97   -21.74   -12.03     0.006
   13.95    -2.00    39.21        14.06    -2.21    39.21     0.244
