150 PA5-C-Debug-Answer.txt 6
   29.4247 -100.6028   78.7622  155.9110  111.4160  -13.4934
  -11.89     7.48   -29.26       -11.89     7.48   -29.26     0.000
  -10.49    -0.72    37.48       -10.49    -0.72    37.48     0.000
   38.62    12.19    12.89        38.62    12.19    12.89     0.000
   15.39    20.88    40.77        15.39    20.88    40.77     0.000
   -9.08    -7.17    20.27        -9.08    -7.17    20.27     0.000
   21.82    11.19    62.98        21.82    11.19    62.98     0.000
   -3.55    -2.72    60.11        -3.55    -2.72    60.11     0.000
   32.07    21.12    -2.94        32.07    21.12    -2.94     0.000
   -5.12   -19.44   -34.11        -5.12   -19.44   -34.11     0.000
  -40.35    -8.79   -16.58       -40.35    -8.79   -16.58     0.000
  -22.51   -26.10   -38.04       -22.51   -26.10   -38.04     0.000
   20.56    21.09    26.69        20.56    21.09    26.69     0.000
   22.55   -10.57   -16.05        22.55   -10.57   -16.05     0.000
  -14.76     7.54     3.74       -14.76     7.54     3.74     0.000
  -40.40   -12.34   -16.28       -40.40   -12.34   -16.28     0.000
   17.84    16.83   -32.54        17.84    16.83   -32.54     0.000
   35.65    10.83    16.67        35.65    10.83    16.67     0.000
  -19.00     7.64     9.82       -19.00     7.64     9.82     0.000
  -38.68    -1.89   -38.89       -38.68    -1.89   -38.89     0.000
   34.71     4.34    26.25        34.71     4.34    26.25     0.000
   13.49   -15.42    -7.86        13.49   -15.42    -7.86     0.000
   -8.91    -8.65    13.98        -8.91    -8.65    13.98     0.000
   -7.05     0.14    60.83        -7.05     0.14    60.83     0.000
   35.69     7.62   -22.74        35.69     7.62   -22.74     0.000
    2.25    20.97    61.07         2.25    20.97    61.07     0.000
   26.99   -10.12     6.71        26.99   -10.12     6.71     0.000
  -38.86   -16.19   -15.66       -38.86   -16.19   -15.66     0.000
   41.43    -1.94     5.80        41.43    -1.94     5.80     0.000
   -5.32   -14.62   -39.82        -5.32   -14.62   -39.82     0.000
   29.76    21.94   -10.45        29.76    21.94   -10.45     0.000
   15.21   -16.47    -4.61        15.21   -16.47    -4.61     0.000
   14.99   -14.45   -13.08        14.99   -14.45   -13.08     0.000
   26.33    19.77    13.61        26.33    19.77    13.61     0.000
  -22.90   -29.54   -27.72       -22.90   -29.54   -27.72     0.000
   42.98    12.59     9.22        42.98    12.59     9.22     0.000
   -4.12    -1.62    63.12        -4.12    -1.62    63.12     0.000
  -20.75    -4.00   -45.78       -20.75    -4.00   -45.78     0.000
   15.99    -8.14    16.58        15.99    -8.14    16.58     0.000
  -17.73   -22.23   -39.77       -17.73   -22.23   -39.77     0.000
   -5.79     6.21   -20.39        -5.79     6.21   -20.39     0.000
   44.99     5.80     9.27        44.99     5.80     9.27     0.000
  -25.12     7.06   -11.91       -25.12     7.06   -11.91     0.000
  -17.48     4.44    -3.73       -17.48     4.44    -3.73     0.000
   42.17     5.31    14.23        42.17     5.31    14.23     0.000
   24.59    23.00   -11.94        24.59    23.00   -11.94     0.000
   30.55    -1.29    33.68        30.55    -1.29    33.68     0.000
   -0.97    -6.02    42.97        -0.97    -6.02    42.97     0.000
   -3.23    -5.46    43.85        -3.23    -5.46    43.85     0.000
  -29.93   -26.89   -19.74       -29.93   -26.89   -19.74     0.000
  -14.50     8.50   -25.60       -14.50     8.50   -25.60     0.000
   11.94    12.04   -11.63        11.94    12.04   -11.63     0.000
  -28.03   -13.63   -45.47       -28.03   -13.63   -45.47     0.000
   34.09    -8.23     1.41        34.09    -8.23     1.41     0.000
    9.55    21.70    58.44         9.55    21.70    58.44     0.000
  -20.35    -1.49    10.43       -20.35    -1.49    10.43     0.000
    3.56    20.44    -2.73         3.56    20.44    -2.73     0.000
    1.02    18.49    -0.98         1.02    18.49    -0.98     0.000
   -7.81   -22.11   -34.67        -7.81   -22.11   -34.67     0.000
   13.56    13.79   -27.12        13.56    13.79   -27.12     0.000
    3.65    -1.23   -24.16         3.65    -1.23   -24.16     0.000
    3.73    20.52    37.97         3.73    20.52    37.97     0.000
   16.36    20.20    42.58        16.36    20.20    42.58     0.000
  -25.36    10.57   -26.42       -25.36    10.57   -26.42     0.000
   34.84    18.69    -7.18        34.84    18.69    -7.18     0.000
   33.36    18.50     9.28        33.36    18.50     9.28     0.000
   40.04    14.93    -0.74        40.04    14.93    -0.74     0.000
  -23.17     9.14   -16.11       -23.17     9.14   -16.11     0.000
  -19.88   -27.96   -33.12       -19.88   -27.96   -33.12     0.000
  -40.49   -12.39   -38.60       -40.49   -12.39   -38.60     0.000
  -29.89     8.54   -14.56       -29.89     8.54   -14.56     0.000
   18.79    -5.23    48.58        18.79    -5.23    48.58     0.000
  -20.11    12.61    13.95       -20.11    12.61    13.95     0.000
    9.56   -12.26     0.88         9.56   -12.26     0.88     0.000
   25.44    10.38    51.83        25.44    10.38    51.83     0.000
   27.24    10.43   -32.96        27.24    10.43   -32.96     0.000
  -10.36   -23.91   -20.47       -10.36   -23.91   -20.47     0.000
  -28.17    10.32   -19.63       -28.17    10.32   -19.63     0.000
   31.55    -6.58   -21.75        31.55    -6.58   -21.75     0.000
  -12.61    -7.56    11.14       -12.61    -7.56    11.14     0.000
    2.10    20.48    28.85         2.10    20.48    28.85     0.000
  -13.81     6.11    -6.43       -13.81     6.11    -6.43     0.000
   15.66    20.07    60.23        15.66    20.07    60.23     0.000
   30.76    -2.69   -25.77        30.76    -2.69   -25.77     0.000
  -19.02    17.71    22.87       -19.02    17.71    22.87     0.000
  -11.95    17.19    26.84       -11.95    17.19    26.84     0.000
  -18.36     4.33   -10.11       -18.36     4.33   -10.11     0.000
   31.61     1.73    35.94        31.61     1.73    35.94     0.000
  -19.72   -14.53   -44.95       -19.72   -14.53   -44.95     0.000
    5.51    -6.53   -25.78         5.51    -6.53   -25.78     0.000
   33.35     9.62   -26.57        33.35     9.62   -26.57     0.000
  -11.21     9.36    56.72       -11.21     9.36    56.72     0.000
    0.32   -16.11   -37.54         0.32   -16.11   -37.54     0.000
    9.90    21.80    38.49         9.90    21.80    38.49     0.000
    2.61    20.28    35.20         2.61    20.28    35.20     0.000
   -2.23    -5.15    46.66        -2.23    -5.15    46.66     0.000
  -38.70     2.00   -32.65       -38.70     2.00   -32.65     0.000
  -30.25     9.29   -28.37       -30.25     9.29   -28.37     0.000
  -31.57   -25.42   -17.65       -31.57   -25.42   -17.65     0.000
   35.54    -2.30    20.16        35.54    -2.30    20.16     0.000
   -8.55    -7.83   -41.87        -8.55    -7.83   -41.87     0.000
   39.91    15.84     2.85        39.91    15.84     2.85     0.000
  -25.93   -17.07    -7.07       -25.93   -17.07    -7.07     0.000
   -5.61   -18.56   -35.70        -5.61   -18.56   -35.70     0.000
   22.98    23.99    -4.55        22.98    23.99    -4.55     0.000
  -13.11     7.00    -2.72       -13.11     7.00    -2.72     0.000
  -15.06     8.79   -27.21       -15.06     8.79   -27.21     0.000
  -15.52   -16.18    -5.41       -15.52   -16.18    -5.41     0.000
   -0.70    20.06    61.22        -0.70    20.06    61.22     0.000
   14.64    12.36   -27.23        14.64    12.36   -27.23     0.000
   18.77    19.78    32.60        18.77    19.78    32.60     0.000
   41.26     4.67   -12.16        41.26     4.67   -12.16     0.000
   21.36    19.78    27.02        21.36    19.78    27.02     0.000
   -8.55     1.71    59.16        -8.55     1.71    59.16     0.000
   42.54    -1.01    12.32        42.54    -1.01    12.32     0.000
  -26.53     9.35   -16.23       -26.53     9.35   -16.23     0.000
  -41.76   -15.40   -28.30       -41.76   -15.40   -28.30     0.000
  -33.58     5.66   -13.74       -33.58     5.66   -13.74     0.000
    7.33    -2.25   -22.81         7.33    -2.25   -22.81     0.000
   38.11    11.64   -16.22        38.11    11.64   -16.22     0.000
  -38.44     1.36   -34.71       -38.44     1.36   -34.71     0.000
   -7.36    -6.05    29.46        -7.36    -6.05    29.46     0.000
   24.52    -0.89   -21.01        24.52    -0.89   -21.01     0.000
   -3.59    17.55    51.36        -3.59    17.55    51.36     0.000
  -41.01   -16.57   -24.40       -41.01   -16.57   -24.40     0.000
   26.20   -13.20   -21.65        26.20   -13.20   -21.65     0.000
   20.45    -5.08   -18.51        20.45    -5.08   -18.51     0.000
  -35.71   -20.55   -14.17       -35.71   -20.55   -14.17     0.000
  -24.05    -9.56    -4.62       -24.05    -9.56    -4.62     0.000
    0.58    -7.83   -36.39         0.58    -7.83   -36.39     0.000
    1.28    20.13    34.68         1.28    20.13    34.68     0.000
   -8.16    -7.66   -41.76        -8.16    -7.66   -41.76     0.000
  -25.23    10.49   -29.36       -25.23    10.49   -29.36     0.000
  -31.91   -14.15   -44.29       -31.91   -14.15   -44.29     0.000
   -1.75   -12.53   -38.17        -1.75   -12.53   -38.17     0.000
    4.96   -13.14   -29.57         4.96   -13.14   -29.57     0.000
    6.87   -12.49    -1.38         6.87   -12.49    -1.38     0.000
   30.37    -3.34    27.05        30.37    -3.34    27.05     0.000
   13.97    21.72    39.58        13.97    21.72    39.58     0.000
   35.32    10.71    17.24        35.32    10.71    17.24     0.000
  -29.08    10.02   -23.33       -29.08    10.02   -23.33     0.000
  -28.41    -9.97   -45.16       -28.41    -9.97   -45.16     0.000
   40.93    15.34     8.05        40.93    15.34     8.05     0.000
   38.03    -6.93   -17.98        38.03    -6.93   -17.98     0.000
  -31.11     7.96   -33.69       -31.11     7.96   -33.69     0.000
   43.88     9.30     9.88        43.88     9.30     9.88     0.000
   -7.63     6.33   -23.56        -7.63     6.33   -23.56     0.000
    9.37    -4.79   -21.94         9.37    -4.79   -21.94     0.000
   23.88     8.15   -31.65        23.88     8.15   -31.65     0.000
    7.24    -6.20    33.62         7.24    -6.20    33.62     0.000
  -15.01     6.38    -0.00       -15.01     6.38    -0.00     0.000
