200 PA4-B-Debug-Output.txt 0
  -15.79   -31.86   -23.78       -15.79   -31.86   -23.78     0.000
   -7.30   -27.99   -25.37        -7.30   -27.99   -25.37     0.000
    3.72     8.91    63.38         3.72     8.91    63.38     0.000
    9.07    -6.11   -22.05         9.07    -6.11   -22.05     0.000
   32.37    -7.13    -9.84        32.37    -7.13    -9.84     0.000
   25.50    -5.52    14.44        25.50    -5.52    14.44     0.000
  -12.84    17.11    17.27       -12.84    17.11    17.27     0.000
  -33.45     5.83   -16.99       -33.45     5.83   -16.99     0.000
  -34.08     5.77   -17.86       -34.08     5.77   -17.86     0.000
   20.54    18.94   -28.81        20.54    18.94   -28.81     0.000
   -3.44    -4.00   -34.73        -3.44    -4.00   -34.73     0.000
   22.13     4.90    51.91        22.13     4.90    51.91     0.000
  -12.21     5.65    -0.35       -12.21     5.65    -0.35     0.000
  -10.65    14.46    15.02       -10.65    14.46    15.02     0.000
  -35.40   -24.99   -17.23       -35.40   -24.99   -17.23     0.000
    7.84     9.06   -13.90         7.84     9.06   -13.90     0.000
    0.46   -17.71   -28.27         0.46   -17.71   -28.27     0.000
   -3.39    -8.15    25.03        -3.39    -8.15    25.03     0.000
  -20.49   -31.63   -34.67       -20.49   -31.63   -34.67     0.000
   -8.75    -3.87    19.25        -8.75    -3.87    19.25     0.000
  -21.12     3.26   -43.74       -21.12     3.26   -43.74     0.000
   -4.06    13.68    59.49        -4.06    13.68    59.49     0.000
   -7.94    20.46    37.68        -7.94    20.46    37.68     0.000
   18.19    -8.80   -22.21        18.19    -8.80   -22.21     0.000
  -43.64    -9.75   -22.51       -43.64    -9.75   -22.51     0.000
  -37.86   -19.24   -14.27       -37.86   -19.24   -14.27     0.000
   13.52    -6.13    31.73        13.52    -6.13    31.73     0.000
   21.20   -14.79    -4.38        21.20   -14.79    -4.38     0.000
  -10.66     8.31    25.88       -10.66     8.31    25.88     0.000
   27.79     8.50    24.67        27.79     8.50    24.67     0.000
  -40.33    -2.20   -17.04       -40.33    -2.20   -17.04     0.000
   -6.03    10.63    59.94        -6.03    10.63    59.94     0.000
   -9.49    11.92    36.49        -9.49    11.92    36.49     0.000
   21.52    -7.63    10.71        21.52    -7.63    10.71     0.000
    1.65    19.06     4.44         1.65    19.06     4.44     0.000
   26.96   -11.68    -6.35        26.96   -11.68    -6.35     0.000
   36.32    12.99   -10.27        36.32    12.99   -10.27     0.000
   -3.08   -16.67    -6.07        -3.08   -16.67    -6.07     0.000
   14.03    -5.17    61.39        14.03    -5.17    61.39     0.000
  -30.65   -17.78   -45.94       -30.65   -17.78   -45.94     0.000
    6.88   -13.08   -21.51         6.88   -13.08   -21.51     0.000
  -27.83   -22.53   -44.39       -27.83   -22.53   -44.39     0.000
  -35.94   -25.27   -18.46       -35.94   -25.27   -18.46     0.000
  -32.72    -5.60    -9.21       -32.72    -5.60    -9.21     0.000
  -36.33     5.91   -24.70       -36.33     5.91   -24.70     0.000
  -12.69   -25.19   -11.87       -12.69   -25.19   -11.87     0.000
    8.59    22.69    29.54         8.59    22.69    29.54     0.000
   21.99    15.10    39.18        21.99    15.10    39.18     0.000
    2.53    22.98    29.50         2.53    22.98    29.50     0.000
   37.30     2.70   -14.57        37.30     2.70   -14.57     0.000
   -7.16    12.14     8.43        -7.16    12.14     8.43     0.000
  -22.49   -22.55    -7.93       -22.49   -22.55    -7.93     0.000
  -28.40     3.79   -13.91       -28.40     3.79   -13.91     0.000
    4.05   -17.19   -10.61         4.05   -17.19   -10.61     0.000
  -40.30    -0.09   -18.73       -40.30    -0.09   -18.73     0.000
   -3.83   -14.83    -2.75        -3.83   -14.83    -2.75     0.000
   10.51    -4.60    63.36        10.51    -4.60    63.36     0.000
  -36.09   -16.64   -10.29       -36.09   -16.64   -10.29     0.000
   36.75    13.21     6.63        36.75    13.21     6.63     0.000
    7.28   -10.35   -22.60         7.28   -10.35   -22.60     0.000
   24.48    -8.54     5.31        24.48    -8.54     5.31     0.000
   36.55    -2.14    -0.04        36.55    -2.14    -0.04     0.000
   -0.54    -6.10    45.19        -0.54    -6.10    45.19     0.000
   -9.28    11.97    11.59        -9.28    11.97    11.59     0.000
   26.22    -3.78    18.96        26.22    -3.78    18.96     0.000
   36.36    11.28   -12.41        36.36    11.28   -12.41     0.000
    5.80    -7.00    46.31         5.80    -7.00    46.31     0.000
   23.87    -0.12    34.09        23.87    -0.12    34.09     0.000
    8.80    25.60    11.40         8.80    25.60    11.40     0.000
   18.48    21.78    28.67        18.48    21.78    28.67     0.000
   -9.48   -18.58    -7.63        -9.48   -18.58    -7.63     0.000
   -7.45     7.21    38.23        -7.45     7.21    38.23     0.000
  -26.48   -14.66   -47.78       -26.48   -14.66   -47.78     0.000
   13.26    13.64   -13.52        13.26    13.64   -13.52     0.000
  -40.22   -21.96   -26.19       -40.22   -21.96   -26.19     0.000
   -6.50    12.50    44.35        -6.50    12.50    44.35     0.000
   -5.13    15.93     9.84        -5.13    15.93     9.84     0.000
   23.26    -1.26    33.70        23.26    -1.26    33.70     0.000
   -7.83   -20.75   -10.03        -7.83   -20.75   -10.03     0.000
    0.53     8.16   -16.01         0.53     8.16   -16.01     0.000
  -35.03     3.07   -15.06       -35.03     3.07   -15.06     0.000
   29.81    -1.71    17.15        29.81    -1.71    17.15     0.000
   28.21     7.32    23.80        28.21     7.32    23.80     0.000
   30.75    -9.78   -17.43        30.75    -9.78   -17.43     0.000
  -13.45     2.24   -43.52       -13.45     2.24   -43.52     0.000
    1.90     8.88   -14.42         1.90     8.88   -14.42     0.000
  -29.03   -15.37   -47.14       -29.03   -15.37   -47.14     0.000
   -5.72   -26.84   -24.41        -5.72   -26.84   -24.41     0.000
   22.33     3.50    48.54        22.33     3.50    48.54     0.000
  -39.82   -21.97   -29.58       -39.82   -21.97   -29.58     0.000
   -2.62    -1.66   -29.20        -2.62    -1.66   -29.20     0.000
   -8.53   -24.84   -14.79        -8.53   -24.84   -14.79     0.000
   32.10    -2.48    13.54        32.10    -2.48    13.54     0.000
   22.20    -4.41    24.50        22.20    -4.41    24.50     0.000
  -18.45     4.31   -42.79       -18.45     4.31   -42.79     0.000
   -6.75     8.35   -16.59        -6.75     8.35   -16.59     0.000
  -31.46     9.36   -24.53       -31.46     9.36   -24.53     0.000
   11.81    23.82    22.00        11.81    23.82    22.00     0.000
   19.44    -0.71    56.02        19.44    -0.71    56.02     0.000
  -16.23     7.65   -39.59       -16.23     7.65   -39.59     0.000
   25.77    24.06    -2.96        25.77    24.06    -2.96     0.000
  -37.53   -14.17   -42.02       -37.53   -14.17   -42.02     0.000
  -21.26   -10.52   -49.63       -21.26   -10.52   -49.63     0.000
   19.10    21.01   -28.23        19.10    21.01   -28.23     0.000
   -8.44   -26.88   -17.67        -8.44   -26.88   -17.67     0.000
   10.17    -6.79    53.27        10.17    -6.79    53.27     0.000
  -36.72     1.01   -14.90       -36.72     1.01   -14.90     0.000
   20.42    20.11    29.49        20.42    20.11    29.49     0.000
  -38.92   -22.42   -19.66       -38.92   -22.42   -19.66     0.000
  -43.42    -7.80   -28.45       -43.42    -7.80   -28.45     0.000
   -3.76    -5.00    37.95        -3.76    -5.00    37.95     0.000
   20.34    14.69    51.12        20.34    14.69    51.12     0.000
  -16.20    11.58   -23.62       -16.20    11.58   -23.62     0.000
   -9.18   -12.44     0.63        -9.18   -12.44     0.63     0.000
    1.36    -6.99    56.26         1.36    -6.99    56.26     0.000
   26.41    23.64    -4.62        26.41    23.64    -4.62     0.000
  -26.08    -0.24   -45.93       -26.08    -0.24   -45.93     0.000
  -14.90    11.38   -23.95       -14.90    11.38   -23.95     0.000
   -6.99     7.28    58.77        -6.99     7.28    58.77     0.000
  -42.43    -7.25   -31.32       -42.43    -7.25   -31.32     0.000
   34.75    -4.77   -17.43        34.75    -4.77   -17.43     0.000
   -1.04    -5.99    56.83        -1.04    -5.99    56.83     0.000
   10.46    24.80    15.64        10.46    24.80    15.64     0.000
  -31.37    -8.66    -6.95       -31.37    -8.66    -6.95     0.000
    9.00    22.82    -5.95         9.00    22.82    -5.95     0.000
   21.46    -9.76     3.76        21.46    -9.76     3.76     0.000
  -31.64    -9.98   -46.84       -31.64    -9.98   -46.84     0.000
    0.65    19.45     6.16         0.65    19.45     6.16     0.000
   23.52     3.39    41.78        23.52     3.39    41.78     0.000
   20.03    22.14    21.32        20.03    22.14    21.32     0.000
    3.20    18.20     0.80         3.20    18.20     0.80     0.000
   17.90    -3.63    46.27        17.90    -3.63    46.27     0.000
  -36.11     2.12   -14.98       -36.11     2.12   -14.98     0.000
   18.15    16.35    57.78        18.15    16.35    57.78     0.000
   13.26    25.14    -9.11        13.26    25.14    -9.11     0.000
  -13.27    -7.10   -47.74       -13.27    -7.10   -47.74     0.000
   13.90    19.30   -30.58        13.90    19.30   -30.58     0.000
  -36.60    -3.59   -41.76       -36.60    -3.59   -41.76     0.000
    7.48   -15.14   -17.48         7.48   -15.14   -17.48     0.000
  -29.83     5.07   -14.32       -29.83     5.07   -14.32     0.000
  -11.12     7.75   -13.23       -11.12     7.75   -13.23     0.000
   17.14    17.07    60.88        17.14    17.07    60.88     0.000
   30.41    20.70   -10.64        30.41    20.70   -10.64     0.000
   -3.73    -8.02    24.68        -3.73    -8.02    24.68     0.000
    1.88    17.78     2.92         1.88    17.78     2.92     0.000
   -8.12     2.18   -39.03        -8.12     2.18   -39.03     0.000
   14.38   -13.85   -16.68        14.38   -13.85   -16.68     0.000
    1.06    -9.02    23.53         1.06    -9.02    23.53     0.000
    7.38     8.21    63.13         7.38     8.21    63.13     0.000
  -25.26   -30.56   -35.41       -25.26   -30.56   -35.41     0.000
  -24.06    -1.78   -47.51       -24.06    -1.78   -47.51     0.000
  -26.16   -20.28    -6.97       -26.16   -20.28    -6.97     0.000
    7.88    12.46    63.21         7.88    12.46    63.21     0.000
  -37.52     0.89   -16.14       -37.52     0.89   -16.14     0.000
  -39.44   -10.90   -13.00       -39.44   -10.90   -13.00     0.000
   36.65     8.00   -14.60        36.65     8.00   -14.60     0.000
  -17.45     4.78   -42.57       -17.45     4.78   -42.57     0.000
   10.61    22.43    31.39        10.61    22.43    31.39     0.000
   13.77    14.56   -15.96        13.77    14.56   -15.96     0.000
    3.47    19.01    53.93         3.47    19.01    53.93     0.000
   -7.95    23.27    18.90        -7.95    23.27    18.90     0.000
  -11.16     6.44    21.01       -11.16     6.44    21.01     0.000
   38.09     5.31   -12.30        38.09     5.31   -12.30     0.000
   17.58   -13.65   -17.69        17.58   -13.65   -17.69     0.000
   29.86     1.12    18.69        29.86     1.12    18.69     0.000
    0.04    16.78     3.94         0.04    16.78     3.94     0.000
   25.73     5.14   -30.11        25.73     5.14   -30.11     0.000
  -36.91   -20.17   -13.46       -36.91   -20.17   -13.46     0.000
   -7.94    -8.28   -45.13        -7.94    -8.28   -45.13     0.000
  -14.90   -28.76   -37.80       -14.90   -28.76   -37.80     0.000
    1.83    -6.83    43.59         1.83    -6.83    43.59     0.000
    6.18     5.19    63.23         6.18     5.19    63.23     0.000
   -7.78    14.93    12.24        -7.78    14.93    12.24     0.000
  -40.33   -14.99   -15.27       -40.33   -14.99   -15.27     0.000
   16.20     7.51   -20.58        16.20     7.51   -20.58     0.000
   24.62    -4.03    21.05        24.62    -4.03    21.05     0.000
   -3.78    -3.68    59.25        -3.78    -3.68    59.25     0.000
    7.75    24.85    14.69         7.75    24.85    14.69     0.000
   13.89    22.41    33.92        13.89    22.41    33.92     0.000
  -10.44    -4.49    11.87       -10.44    -4.49    11.87     0.000
   21.34    14.75    43.94        21.34    14.75    43.94     0.000
   -7.35   -20.71   -10.21        -7.35   -20.71   -10.21     0.000
   27.31    22.24   -18.46        27.31    22.24   -18.46     0.000
   16.00    -4.24   -22.39        16.00    -4.24   -22.39     0.000
   -1.57    -6.30    36.31        -1.57    -6.30    36.31     0.000
    6.84    15.69    -7.52         6.84    15.69    -7.52     0.000
   -0.23    -6.15    47.76        -0.23    -6.15    47.76     0.000
   -8.41    -6.45    14.56        -8.41    -6.45    14.56     0.000
  -28.50   -29.56   -17.79       -28.50   -29.56   -17.79     0.000
   -5.91     6.17   -24.92        -5.91     6.17   -24.92     0.000
  -36.50   -25.07   -33.27       -36.50   -25.07   -33.27     0.000
   12.62    -3.86    63.22        12.62    -3.86    63.22     0.000
   36.24    -3.47   -11.69        36.24    -3.47   -11.69     0.000
   -2.05   -11.05     9.89        -2.05   -11.05     9.89     0.000
   22.39     8.44    51.33        22.39     8.44    51.33     0.000
  -27.79   -25.54   -10.74       -27.79   -25.54   -10.74     0.000
   29.11    17.43    13.52        29.11    17.43    13.52     0.000
   -6.83     3.89    49.78        -6.83     3.89    49.78     0.000
  -23.41   -15.32    -6.09       -23.41   -15.32    -6.09     0.000
  -26.77     1.24   -12.64       -26.77     1.24   -12.64     0.000
