400 PA5-E-Debug-Output.txt 6
   76.0281   29.0167   75.6944 -148.1555   -2.1571   64.4112
  -24.13     6.63   -19.39       -24.09     6.73   -19.30     0.137
   21.34    14.22   -29.24        21.36    14.22   -29.23     0.022
   -1.74   -18.47   -30.17        -1.69   -18.48   -30.17     0.047
   26.51    11.51   -32.00        26.51    11.51   -32.05     0.052
  -41.84    -0.61   -24.47       -41.74    -0.70   -24.48     0.132
  -20.00     1.56   -14.47       -19.99     1.55   -14.51     0.039
   19.44     3.07    46.00        19.51     3.04    46.00     0.074
   20.59    23.91   -20.33        20.47    23.96   -20.33     0.133
   12.85    -2.57    48.05        12.79    -2.48    48.04     0.108
   14.41    20.51    38.57        14.40    20.26    38.57     0.244
   12.22    15.85    63.77        12.23    15.87    63.78     0.028
    1.37    -7.54    43.33         1.36    -7.47    43.33     0.069
    2.52    26.94    15.91         2.53    27.02    15.89     0.081
   22.25    23.64   -28.23        22.25    23.63   -28.22     0.015
  -26.81     6.61   -33.59       -26.81     6.62   -33.59     0.012
   19.34    26.39     3.95        19.33    26.32     3.94     0.070
   19.45   -13.95   -12.23        19.45   -13.94   -12.22     0.011
   24.93    -0.37    18.78        24.94    -0.37    18.79     0.008
   26.39    16.06   -28.84        26.42    16.11   -28.88     0.067
  -30.52     4.03   -14.79       -30.54     4.06   -14.77     0.040
   28.45    -3.14   -26.30        28.46    -3.16   -26.33     0.036
   -8.29   -26.13   -15.71        -8.24   -26.17   -15.67     0.081
  -21.41   -11.13    -4.34       -21.42   -11.13    -4.32     0.025
   -0.06    10.90    54.04        -0.15    11.03    54.04     0.154
    2.42    15.99    44.68         2.49    15.89    44.67     0.121
  -25.65   -29.46   -40.13       -25.63   -29.39   -40.04     0.118
   19.07     5.43   -26.25        19.04     5.43   -26.28     0.043
   36.82    10.23    -9.13        36.83    10.23    -9.13     0.005
   33.82    18.78   -12.61        33.83    18.78   -12.61     0.005
   -4.50     3.48    63.58        -4.37     3.45    63.57     0.136
  -15.39     1.77   -12.79       -15.40     1.84   -12.76     0.073
   -4.55    -3.67    69.63        -4.55    -3.67    69.62     0.005
  -11.69     6.44   -23.23       -11.68     6.39   -23.24     0.043
  -10.16   -29.64   -33.98       -10.14   -29.68   -33.99     0.045
   38.91     2.49    -0.50        38.90     2.49    -0.49     0.021
   -1.39     0.33   -26.96        -1.36     0.33   -26.99     0.043
   -0.15    -7.53    69.00        -0.15    -7.69    69.08     0.178
   20.71    -9.66    -3.50        20.72    -9.63    -3.52     0.035
  -22.27     6.80   -36.41       -22.28     6.79   -36.40     0.017
   22.92    16.42    32.35        22.86    16.42    32.34     0.063
   11.11    -3.14    47.43        11.19    -3.32    47.44     0.196
   16.57    26.66     3.54        16.56    26.57     3.53     0.087
   -3.07     6.32    29.71        -3.12     6.34    29.71     0.052
  -11.32   -30.41   -33.11       -11.32   -30.40   -33.11     0.014
   27.23    -0.67    16.95        27.26    -0.66    16.99     0.058
    8.09    25.03    22.39         8.09    25.06    22.40     0.024
   36.71     9.94   -11.84        36.71     9.94   -11.84     0.000
   -5.53   -24.67   -36.67        -5.52   -24.67   -36.67     0.006
   10.30    -3.85    43.68        10.32    -3.89    43.68     0.043
   16.43    18.15   -12.57        16.39    18.18   -12.61     0.061
   -8.54     3.23   -32.80        -8.56     3.20   -32.80     0.036
   25.18    -6.01   -22.72        25.16    -5.93   -22.68     0.091
  -10.03   -25.42   -40.18       -10.03   -25.42   -40.18     0.010
   19.83     4.62    46.42        19.81     4.63    46.41     0.026
  -36.83   -22.96   -11.09       -36.88   -22.98   -11.03     0.083
   21.52    10.67    37.38        21.65    10.66    37.40     0.128
    1.23     8.40   -19.86         1.23     8.32   -19.83     0.084
    0.13   -14.33    -7.96         0.14   -14.37    -7.95     0.040
    5.86    -8.89   -22.31         5.83    -8.87   -22.28     0.044
   -5.27    17.50    29.19        -5.27    17.45    29.22     0.058
  -16.52    -8.61   -47.16       -16.52    -8.61   -47.16     0.001
   -2.46   -14.56   -34.78        -2.52   -14.57   -34.77     0.060
  -25.63     1.26   -42.53       -25.63     1.27   -42.54     0.010
  -37.65    -1.03   -14.37       -37.69    -0.99   -14.35     0.064
   -3.64     5.84    54.37        -3.53     5.79    54.38     0.122
    8.20     9.58    69.98         8.20     9.59    69.95     0.033
  -41.95   -20.94   -36.46       -41.94   -20.94   -36.41     0.045
  -42.37   -24.25   -30.04       -42.41   -24.29   -30.04     0.053
   -6.35    16.45    23.77        -6.29    16.49    23.77     0.067
    2.37    17.03     7.72         2.37    17.03     7.72     0.002
    6.07    11.30    70.40         6.07    11.30    70.41     0.007
  -10.64   -13.94   -46.07       -10.65   -13.94   -46.05     0.024
  -21.65     8.00   -33.30       -21.66     8.05   -33.32     0.044
  -14.75   -24.47   -43.67       -14.76   -24.44   -43.63     0.054
    3.64   -13.84     0.88         3.67   -13.78     0.89     0.072
    5.21    -9.32    14.19         5.18    -9.14    14.15     0.190
  -33.62   -28.37   -15.52       -33.67   -28.42   -15.48     0.077
   -4.68     1.90    68.49        -4.63     1.87    68.46     0.064
   12.86    -3.12   -23.87        12.86    -3.12   -23.88     0.003
   -5.86    -1.85    44.95        -5.91    -1.87    44.96     0.060
    4.61    -6.48    69.74         4.61    -6.48    69.74     0.002
    1.35    -8.45    23.89         1.37    -8.56    23.91     0.115
   -6.36   -21.81   -13.96        -6.39   -21.80   -13.97     0.034
    0.93   -10.64   -25.28         0.88   -10.62   -25.24     0.066
  -20.49    -5.93    -5.88       -20.51    -5.91    -5.86     0.030
    0.88   -13.38    -5.98         0.91   -13.46    -5.95     0.088
   20.32    20.80    35.73        20.31    20.67    35.73     0.135
   -2.73     8.66    26.15        -2.83     8.65    26.14     0.100
   25.35    -2.82    17.96        25.28    -2.77    17.92     0.087
   -7.37    -9.97   -44.52        -7.38    -9.96   -44.49     0.027
   20.51    21.08    26.31        20.52    21.17    26.33     0.092
   -6.93    -1.00    19.08        -6.93    -0.99    19.08     0.007
  -37.25    -0.87   -13.89       -37.28    -0.84   -13.88     0.039
   35.84     1.25     8.87        35.80     1.25     8.84     0.051
   -1.69    12.48    12.74        -1.60    12.47    12.80     0.107
   29.50    23.30   -21.57        29.42    23.19   -21.54     0.138
   13.99    21.80    -8.25        14.02    21.79    -8.22     0.044
   -6.03    -1.84    43.40        -6.02    -1.84    43.40     0.002
  -33.22   -21.55    -8.47       -33.25   -21.55    -8.42     0.047
   -9.57   -18.33   -44.72        -9.58   -18.32   -44.68     0.044
   -6.44     5.69   -26.53        -6.44     5.62   -26.50     0.077
   -4.66     5.36     4.36        -4.70     5.43     4.36     0.077
  -25.38   -34.42   -31.73       -25.39   -34.49   -31.73     0.063
  -41.62   -10.68   -11.12       -41.60   -10.70   -11.14     0.032
  -13.88    -1.85    -2.36       -13.94    -1.79    -2.34     0.093
   39.06     2.02     0.07        39.00     2.02     0.06     0.064
   -7.41   -20.97   -12.23        -7.40   -20.99   -12.21     0.031
   -0.53    23.78     9.80        -0.53    23.79     9.83     0.032
   22.68    23.09   -28.43        22.69    23.10   -28.48     0.045
   36.90     2.43   -16.31        36.87     2.43   -16.31     0.033
  -35.66   -30.15   -28.10       -35.70   -30.21   -28.11     0.072
  -43.25   -20.75   -35.59       -43.27   -20.79   -35.62     0.048
   25.75    -7.07     9.30        25.75    -7.07     9.30     0.002
   19.37    20.96   -28.68        19.39    20.95   -28.67     0.024
    1.08    -8.67    22.14         1.11    -8.83    22.16     0.159
   18.58     0.96    39.95        18.52     1.01    39.95     0.073
  -17.18   -11.20   -47.82       -17.18   -11.20   -47.80     0.014
    2.99    -6.75    56.69         3.02    -6.83    56.69     0.091
    4.32    -7.02    61.79         4.26    -6.80    61.80     0.224
  -33.21    -1.43   -14.32       -33.20    -1.49   -14.38     0.085
  -14.43   -23.57   -10.08       -14.43   -23.57   -10.07     0.007
  -17.06    -3.11    -5.30       -17.06    -3.10    -5.30     0.012
  -20.90   -10.44    -3.86       -20.87   -10.44    -3.91     0.057
   12.05    20.63    33.54        12.09    20.80    33.58     0.178
   14.79    -2.51   -24.47        14.79    -2.51   -24.45     0.015
  -11.69   -30.80   -21.70       -11.61   -30.93   -21.68     0.160
   -1.10    19.43    33.03        -1.02    19.37    32.96     0.120
  -14.21   -30.92   -35.42       -14.21   -30.91   -35.42     0.010
    2.88    10.85    -3.19         2.87    10.86    -3.19     0.012
   16.06    26.14     6.54        16.09    26.36     6.58     0.223
   12.65    26.15    10.51        12.60    25.93    10.49     0.227
  -15.51     3.91   -37.57       -15.48     3.96   -37.59     0.061
  -19.48   -12.33   -48.51       -19.47   -12.33   -48.53     0.020
   -2.16   -12.63   -26.49        -2.09   -12.62   -26.54     0.082
   -3.39    -8.96    19.47        -3.37    -8.90    19.48     0.057
   -4.96   -10.84   -38.05        -4.91   -10.80   -38.06     0.064
   -5.92    -8.97    15.63        -5.91    -8.87    15.62     0.100
   30.29    22.88   -19.54        30.26    22.84   -19.53     0.046
   12.64    -5.21    15.80        12.60    -5.12    15.77     0.099
   -4.40    -5.12    44.06        -4.24    -4.93    44.05     0.246
   18.70    -1.50    26.22        18.71    -1.52    26.23     0.023
    5.65    16.54    51.42         5.53    16.68    51.44     0.178
  -20.02     5.35   -20.48       -20.04     5.27   -20.51     0.090
  -25.78    -0.73   -14.70       -25.78    -0.74   -14.73     0.036
   18.36     1.47    47.19        18.24     1.57    47.17     0.157
    0.93    12.08    50.96         0.87    12.14    50.97     0.088
   11.04    -5.19    19.68        11.00    -5.12    19.67     0.090
  -20.18     8.48   -23.86       -20.17     8.49   -23.85     0.021
  -40.53   -18.45   -40.29       -40.64   -18.51   -40.39     0.162
  -45.92   -13.26   -33.62       -45.93   -13.30   -33.63     0.047
   14.99    -1.63    42.52        15.01    -1.67    42.53     0.050
   18.22     2.17    49.82        18.32     2.09    49.83     0.129
  -25.20     7.09   -19.35       -25.18     7.14   -19.30     0.068
   24.64     9.24    24.94        24.65     9.24    24.94     0.010
   -5.22    -2.91    59.01        -5.31    -2.92    59.01     0.088
  -43.91   -18.31   -34.76       -43.88   -18.34   -34.73     0.058
   -7.98   -12.65    -1.37        -7.97   -12.87    -1.30     0.235
  -23.38     7.60   -34.15       -23.37     7.50   -34.12     0.113
   22.20    20.40   -30.02        22.17    20.40   -29.98     0.042
    5.76    -8.13    18.07         5.79    -8.24    18.10     0.121
   19.45    22.44    21.36        19.44    22.36    21.34     0.088
   -6.30   -24.09   -38.47        -6.35   -24.06   -38.42     0.070
  -27.64   -24.22    -7.03       -27.64   -24.22    -7.00     0.034
   -0.90    12.73    41.54        -0.86    12.72    41.53     0.038
  -23.49   -18.74    -7.06       -23.49   -18.73    -7.00     0.065
  -35.16     4.72   -26.52       -35.11     4.65   -26.51     0.088
   36.30    -1.13     1.76        36.32    -1.15     1.80     0.046
  -43.38    -8.57   -40.17       -43.38    -8.57   -40.18     0.003
   11.08    20.66    34.64        11.08    20.74    34.66     0.090
    0.66    -7.76    57.71         0.61    -7.60    57.71     0.166
   -3.34     6.75    23.22        -3.32     6.74    23.22     0.027
   18.26     0.93    42.82        18.28     0.90    42.82     0.040
    5.02    16.84    48.95         5.02    16.85    48.95     0.004
   23.87    20.79    21.54        23.87    20.79    21.54     0.003
   -3.20    -7.25    60.93        -3.18    -7.24    60.93     0.019
   25.05    -9.89   -14.69        25.05    -9.89   -14.69     0.001
   -5.29    -1.98    58.77        -5.41    -2.01    58.77     0.123
   30.49     9.22    14.17        30.43     9.23    14.13     0.075
  -35.04   -22.24    -9.54       -35.01   -22.23    -9.60     0.064
  -10.05   -21.87   -11.50       -10.05   -21.87   -11.50     0.001
    4.41    -6.91    66.35         4.41    -6.94    66.35     0.034
   36.80     9.47   -10.49        36.83     9.48   -10.50     0.025
   29.97    -3.32    13.88        30.12    -3.56    13.91     0.280
  -29.33     0.74   -15.74       -29.29     0.71   -15.63     0.124
   18.82     9.20    54.21        18.83     9.20    54.21     0.007
   -3.61    -7.30    68.12        -3.58    -7.26    68.12     0.052
  -40.93   -10.46   -10.73       -40.94   -10.46   -10.72     0.009
    1.29   -13.67   -20.03         1.29   -13.65   -20.02     0.017
  -30.24    -1.54   -14.20       -30.25    -1.58   -14.24     0.062
   -5.53   -14.21   -42.29        -5.53   -14.21   -42.29     0.002
    1.07    18.81    36.75         1.05    18.84    36.76     0.035
    9.54     3.39   -21.35         9.54     3.37   -21.33     0.026
   13.62    10.19   -17.93        13.61    10.22   -17.97     0.048
   22.33    -4.16    15.89        22.33    -4.14    15.88     0.014
   -5.34     0.10    54.67        -5.45     0.12    54.67     0.111
   14.37    25.45    12.31        14.38    25.52    12.32     0.076
  -10.62   -14.83    -5.65       -10.65   -14.74    -5.69     0.094
   -3.05   -22.80   -21.42        -3.02   -22.84   -21.41     0.047
   25.57    25.06    -1.52        25.61    25.13    -1.51     0.076
  -26.69     8.06   -22.28       -26.68     7.98   -22.29     0.082
  -25.83   -33.71   -20.62       -25.83   -33.76   -20.62     0.057
   32.37     1.62    11.43        32.32     1.58    11.39     0.077
   -4.89    -6.74    31.31        -4.80    -6.63    31.25     0.155
  -34.24     1.96   -37.80       -34.24     1.96   -37.80     0.006
   -6.73    17.96    24.41        -6.65    17.96    24.41     0.089
  -22.81     8.68   -31.22       -22.78     8.58   -31.20     0.108
   26.65    24.74   -21.95        26.66    24.74   -21.96     0.011
   11.96   -12.51   -13.88        12.00   -12.39   -13.82     0.137
   -0.31   -10.17    13.71        -0.32   -10.09    13.69     0.080
   10.97    23.98    23.92        10.96    23.94    23.90     0.043
    0.89    -7.38    52.79         0.93    -7.53    52.78     0.156
   -6.00    22.02    17.47        -6.14    22.03    17.45     0.132
  -45.13   -11.56   -16.83       -45.16   -11.55   -16.82     0.027
   23.85    19.75    24.88        23.84    19.74    24.87     0.014
    0.32   -10.76    10.51         0.31   -10.71    10.50     0.057
   -0.76     2.18   -26.16        -0.77     2.15   -26.13     0.042
   15.18    13.44    65.82        15.03    13.35    65.79     0.174
   39.05     4.90    -0.68        39.12     4.89    -0.67     0.072
   -3.74   -19.86   -35.32        -3.72   -19.86   -35.33     0.013
   29.69    -4.36    -5.07        29.63    -4.27    -5.04     0.116
  -10.69   -29.37   -17.19       -10.76   -29.28   -17.23     0.120
  -38.37   -22.38   -11.98       -38.34   -22.37   -11.99     0.032
   16.59    11.73    63.26        16.55    11.68    63.26     0.059
   22.65    23.98    11.50        22.59    23.82    11.47     0.176
   20.46    23.30   -28.24        20.48    23.28   -28.22     0.033
   -7.02     0.71   -32.74        -7.01     0.72   -32.74     0.006
   15.28    19.43   -10.57        15.27    19.44   -10.58     0.023
  -40.67    -4.42   -14.76       -40.73    -4.35   -14.72     0.101
   -4.48     2.69    29.21        -4.47     2.69    29.21     0.005
  -21.10    -4.51    -7.77       -21.10    -4.51    -7.77     0.003
   22.68    23.83    11.54        22.66    23.78    11.53     0.054
   -5.56    -4.61    68.75        -5.50    -4.60    68.69     0.078
    3.41    18.83     6.51         3.43    18.83     6.53     0.026
    0.33     4.50   -23.83         0.37     4.53   -23.87     0.066
   36.65     4.26   -16.69        36.59     4.26   -16.69     0.056
   23.89     6.76    26.67        23.91     6.75    26.67     0.026
    4.45    -6.19    48.06         4.49    -6.31    48.06     0.123
    0.26   -12.09   -24.77         0.27   -12.10   -24.80     0.031
   32.35    16.85     8.35        32.33    16.84     8.34     0.026
    6.58    16.41    -0.48         6.55    16.43    -0.49     0.034
   27.51    13.22   -31.02        27.51    13.31   -31.10     0.122
   28.77    11.53    17.27        28.69    11.54    17.21     0.100
  -42.12    -1.05   -28.62       -42.10    -1.06   -28.62     0.022
   -3.41    25.04    12.16        -3.45    25.09    12.14     0.067
    1.28    -7.66    67.04         1.28    -7.64    67.04     0.021
   -7.42    -8.95   -44.57        -7.41    -8.94   -44.58     0.012
    7.90    24.66     7.40         7.85    24.76     7.35     0.119
    5.61    23.31     6.77         5.60    23.32     6.75     0.026
    0.59    -8.94   -26.41         0.60    -8.95   -26.44     0.039
  -30.81   -29.22   -12.56       -30.75   -29.19   -12.58     0.070
   -0.38     2.72   -25.58        -0.38     2.72   -25.57     0.008
   -2.50   -10.13    11.28        -2.50   -10.14    11.29     0.012
    8.22    22.93     4.00         8.28    22.92     4.03     0.073
    0.72     8.20   -19.68         0.72     8.33   -19.73     0.140
   20.54    24.46    11.71        20.53    24.36    11.69     0.107
   -3.20     7.87    17.40        -3.28     7.89    17.40     0.081
   -4.52    23.33    12.41        -4.46    23.33    12.48     0.097
   33.03    -3.60   -15.49        33.01    -3.57   -15.50     0.036
    3.91    -6.97    32.61         3.84    -6.81    32.60     0.179
   -2.68    11.77    15.96        -2.65    11.78    15.97     0.033
   -7.16     0.85   -33.37        -7.15     0.86   -33.38     0.019
   26.62    24.53    -5.23        26.60    24.50    -5.23     0.039
    8.50    -1.99   -23.96         8.51    -1.98   -23.93     0.037
   33.68    12.45     9.94        33.70    12.45     9.96     0.028
  -17.74   -33.62   -28.03       -17.74   -33.61   -28.03     0.009
  -19.86     1.35   -14.42       -19.87     1.39   -14.40     0.043
   23.61    -7.92     5.26        23.63    -7.88     5.26     0.041
   22.97   -10.07    -3.94        22.97   -10.17    -3.90     0.105
   -0.24    -2.23    69.87        -0.24    -2.23    69.84     0.027
  -11.26    -8.93   -45.99       -11.26    -8.93   -45.99     0.001
   20.69     8.48   -27.78        20.74     8.46   -27.75     0.057
   22.08    26.36   -25.71        22.06    26.22   -25.70     0.143
   -2.18   -20.22   -30.58        -2.27   -20.21   -30.55     0.089
   -2.43    -6.96    43.20        -2.25    -6.68    43.20     0.328
  -15.38   -32.43   -32.12       -15.37   -32.44   -32.12     0.015
  -41.89   -17.83   -39.43       -41.86   -17.81   -39.41     0.041
   39.08     5.28    -0.29        39.08     5.28    -0.29     0.000
  -34.81   -26.94   -38.35       -34.82   -26.95   -38.36     0.011
  -47.69   -12.70   -34.19       -47.71   -12.70   -34.20     0.013
   20.08    18.13    46.17        19.94    18.13    46.14     0.142
   -4.65     3.48    65.46        -4.41     3.43    65.47     0.247
  -23.77    -0.21   -43.91       -23.78    -0.25   -43.86     0.066
  -25.26   -34.75   -27.21       -25.26   -34.71   -27.21     0.047
  -16.32     4.53   -18.65       -16.33     4.57   -18.64     0.046
  -46.72    -8.60   -25.98       -46.73    -8.60   -25.98     0.003
    6.20    21.27     4.59         6.24    21.24     4.63     0.066
   -2.93   -19.22   -17.66        -2.99   -19.21   -17.68     0.060
    6.70   -14.84    -3.51         6.76   -14.74    -3.49     0.121
  -12.90     2.90   -14.25       -12.92     2.97   -14.22     0.079
   -4.94    -4.96    59.25        -4.73    -4.83    59.29     0.255
   26.19    10.27   -32.03        26.22    10.29   -31.97     0.066
   23.18     4.00    26.67        23.14     4.01    26.66     0.044
  -41.21   -18.96   -13.20       -41.12   -18.91   -13.25     0.117
  -44.62   -15.97   -32.62       -44.62   -15.97   -32.61     0.002
   -9.84     4.19   -13.80        -9.86     4.23   -13.78     0.057
    8.11    18.31    -0.07         8.05    18.37    -0.11     0.087
   19.98    18.02   -20.14        19.94    18.01   -20.13     0.043
  -14.72   -26.73   -41.69       -14.76   -26.66   -41.61     0.115
   17.00    -0.43    40.23        17.04    -0.48    40.24     0.065
  -21.51   -31.27   -38.60       -21.50   -31.33   -38.67     0.093
  -27.69   -31.72   -36.80       -27.67   -31.66   -36.76     0.078
   19.69     4.94    48.14        19.60     4.96    48.13     0.101
  -38.03   -27.73   -32.30       -38.07   -27.79   -32.31     0.072
   -6.78    -1.06    19.87        -6.90    -1.04    19.88     0.120
   -5.87    -1.90   -32.32        -5.81    -1.88   -32.36     0.076
  -35.37   -28.27   -17.52       -35.38   -28.28   -17.51     0.016
  -23.32   -22.73    -7.62       -23.35   -22.70    -7.67     0.059
  -44.04   -16.50   -35.86       -43.96   -16.48   -35.85     0.085
    0.81    25.85    24.29         0.81    25.82    24.28     0.033
   10.03   -13.69   -10.24         9.99   -13.83   -10.36     0.179
  -42.84    -4.21   -36.10       -42.84    -4.21   -36.10     0.000
    3.16    24.98    26.27         3.13    24.79    26.20     0.203
   -4.05    21.37    11.98        -4.04    21.37    12.00     0.022
  -18.24   -33.71   -28.12       -18.24   -33.73   -28.12     0.020
  -17.64   -33.24   -32.74       -17.63   -33.25   -32.74     0.012
  -29.90   -31.32   -16.21       -29.89   -31.25   -16.23     0.072
   -2.67   -12.77   -28.71        -2.70   -12.78   -28.71     0.031
   21.05    -3.21   -25.15        21.04    -3.23   -25.17     0.033
  -43.57   -18.13   -36.02       -43.55   -18.13   -36.02     0.020
   24.05    14.76    26.97        24.18    14.76    27.02     0.145
   12.32    25.61    13.01        12.34    25.71    13.03     0.096
   -3.28     5.53    30.48        -3.37     5.56    30.48     0.100
    0.10    24.36    10.06         0.11    24.33    10.08     0.037
   34.35    -0.85     9.08        34.34    -0.85     9.07     0.010
  -17.09   -24.40   -44.36       -17.09   -24.41   -44.38     0.027
   -6.28    -8.56   -43.54        -6.25    -8.56   -43.56     0.037
   32.42    -2.25    10.83        32.56    -2.38    10.87     0.185
    0.76    17.17    38.86         0.84    17.09    38.82     0.116
   12.76    -9.48   -18.60        12.76    -9.46   -18.58     0.032
   19.47    -9.53    -3.48        19.53    -9.65    -3.39     0.159
  -12.76   -32.13   -25.35       -12.76   -32.17   -25.35     0.034
   26.30    24.58    -7.60        26.30    24.58    -7.60     0.002
  -35.08   -27.13   -15.09       -35.04   -27.08   -15.12     0.068
   -1.13    -7.91    60.21        -1.11    -7.79    60.23     0.121
  -10.54   -15.13    -6.02       -10.60   -14.94    -6.11     0.214
    2.68    22.89    30.55         2.69    22.83    30.51     0.075
   -4.35    -2.71   -31.06        -4.36    -2.72   -31.05     0.015
  -11.86     0.54    -4.42       -11.94     0.65    -4.41     0.136
    7.25   -15.02    -3.73         7.29   -14.94    -3.72     0.090
   19.02    14.90    48.56        19.02    14.90    48.57     0.006
   30.17    12.93    15.33        30.13    12.94    15.29     0.058
  -14.48   -31.93   -20.78       -14.47   -31.94   -20.78     0.015
   -5.01    -9.08    15.16        -5.01    -9.11    15.16     0.029
   18.46    18.72   -14.88        18.52    18.72   -14.86     0.061
   13.52    26.30     7.15        13.52    26.36     7.16     0.061
   36.15     8.17   -16.31        36.18     8.18   -16.32     0.036
    8.13    19.57    41.20         8.12    19.47    41.17     0.107
    1.72    14.49     7.67         1.77    14.48     7.70     0.059
   19.94    26.73    -2.10        19.95    26.76    -2.10     0.023
   -2.72     6.66    -4.70        -2.70     6.61    -4.70     0.052
    2.28    15.86    44.26         2.30    15.84    44.25     0.037
   19.96    26.25     4.15        19.95    26.22     4.15     0.030
   29.90    -3.72    -5.69        29.97    -3.85    -5.73     0.156
   24.05    26.00    -5.56        24.07    26.04    -5.56     0.041
   12.46   -14.43    -2.78        12.48   -14.46    -2.75     0.042
  -43.56    -9.00   -15.24       -43.52    -9.03   -15.27     0.059
    1.42     4.05   -23.61         1.43     4.07   -23.62     0.022
  -37.23   -28.45   -21.53       -37.25   -28.47   -21.53     0.028
  -42.42   -16.48   -13.76       -42.35   -16.46   -13.79     0.078
   12.19    23.69    23.44        12.22    23.77    23.47     0.092
   -1.94    12.47    13.34        -1.95    12.47    13.34     0.003
   -2.98     8.78    16.68        -2.97     8.78    16.68     0.009
   14.23    -4.41   -23.34        14.24    -4.45   -23.36     0.051
  -46.41   -16.36   -25.13       -46.28   -16.31   -25.16     0.139
  -46.45   -13.40   -20.90       -46.37   -13.38   -20.92     0.082
    6.42    -5.47    35.49         6.44    -5.51    35.50     0.046
   13.88    10.60   -17.83        13.90    10.56   -17.79     0.057
   29.99     4.74    14.05        29.93     4.76    13.98     0.100
   26.98    24.28    -1.64        26.95    24.22    -1.65     0.068
   -3.28    -5.08    69.65        -3.28    -5.08    69.63     0.014
   30.50    17.17    12.81        30.52    17.18    12.82     0.022
   26.02    -5.80    16.38        26.05    -5.85    16.39     0.055
   19.04    13.73    48.48        19.04    13.73    48.48     0.003
    2.25    10.97    69.10         2.26    10.96    69.09     0.015
  -44.95   -12.96   -37.81       -45.00   -12.98   -37.81     0.057
  -10.08     4.50   -31.67       -10.08     4.49   -31.67     0.002
   20.52    22.73   -29.11        20.56    22.69   -29.08     0.064
   32.55    10.10   -31.18        32.63    10.14   -31.26     0.119
   22.92    26.05   -13.87        22.92    26.04   -13.87     0.013
   23.25     5.40    27.84        23.19     5.41    27.83     0.062
    1.38     3.18    69.62         1.39     3.17    69.63     0.016
  -25.76     1.49   -42.29       -25.77     1.50   -42.30     0.020
  -35.77    -0.64   -13.29       -35.78    -0.63   -13.32     0.033
    4.67   -10.53     9.47         4.66   -10.47     9.45     0.056
   31.73    -3.30     7.90        31.67    -3.21     7.89     0.111
  -47.33   -10.91   -34.62       -47.39   -10.90   -34.62     0.055
   21.97     5.69    32.98        22.04     5.67    32.99     0.072
   -4.99    -4.64    59.73        -4.95    -4.61    59.74     0.055
  -36.95    -4.56   -40.91       -36.92    -4.57   -40.88     0.039
  -25.86   -32.12   -36.89       -25.87   -32.16   -36.92     0.051
   10.23    -3.61    65.57        10.26    -3.65    65.56     0.056
  -37.73     2.37   -29.59       -37.79     2.45   -29.61     0.099
    8.85    21.30    32.31         8.86    21.41    32.33     0.112
   19.27     4.68    51.60        19.26     4.69    51.60     0.009
    3.97    17.83    44.38         4.01    17.79    44.36     0.053
    6.42    17.97    48.48         6.45    17.91    48.48     0.065
  -38.21    -9.02   -10.15       -38.20    -9.03   -10.16     0.012
    3.81   -13.87     0.02         3.82   -13.86     0.02     0.011
   -8.96   -21.73   -12.02        -8.97   -21.73   -12.04     0.017
   13.94    -2.00    39.22        14.06    -2.21    39.22     0.234
