15, pa3-B-Output.txt
  -25.18   -33.17   -21.19       -24.98   -32.06   -21.56     1.187
   20.81    23.12   -18.98        21.18    24.86   -19.31     1.813
  -40.91   -15.47   -35.57       -39.85   -15.38   -35.48     1.066
  -17.24   -19.19    -8.72       -16.73   -20.11    -7.31     1.768
   33.52     9.25   -22.23        33.83     9.34   -22.38     0.354
   13.54    23.65   -11.55        13.30    24.05   -11.69     0.487
    7.60    23.84     4.60         6.94    24.67     4.36     1.088
   -9.54   -30.71   -27.81       -10.03   -29.78   -27.64     1.066
    9.50     7.03    60.10        20.88     4.75    61.30    11.667
   -7.44     9.21    43.44       -10.52    -0.53    50.63    12.491
  -10.71   -31.40   -27.06        -9.00   -46.44   -28.75    15.225
  -17.40    14.75    24.76       -16.06    15.31    24.90     1.459
    7.10   -11.31   -25.82         5.03   -10.46   -24.07     2.837
   23.85    -3.71    24.19        23.81    -3.64    24.17     0.076
   -5.48   -22.82   -40.82        -6.78   -21.79   -39.73     1.980