15, pa3-D-Output.txt
   -4.47    11.74    61.92        -4.47    11.74    61.92     0.006
  -34.89    -1.75   -44.08       -34.31    -2.16   -43.03     1.269
   22.75    -1.15    26.59        24.07    -2.52    27.02     1.947
  -11.90     6.23    28.95        -9.62     7.19    28.17     2.600
   -4.82   -19.99   -11.27        -4.72   -20.19   -11.14     0.259
  -33.81   -29.05   -20.42       -33.26   -28.19   -20.60     1.030
  -36.87     4.81   -30.31       -36.97     4.92   -30.36     0.160
  -18.86   -28.64   -42.91       -19.12   -27.01   -41.54     2.145
    0.30    23.41    13.82         0.41    23.20    13.95     0.274
   29.06    -5.48   -25.59        29.06    -5.45   -25.57     0.040
   -0.69     0.59   -25.38        -0.76     0.55   -25.31     0.107
   34.14    12.44   -12.64        35.77    13.32   -12.77     1.858
  -20.59   -33.07   -21.12       -20.60   -32.12   -21.25     0.956
  -20.42   -12.79   -51.39       -21.94   -13.95   -48.16     3.751
   16.11     5.18    60.23        16.17     5.01    63.09     2.861