15, pa3-F-Output.txt
   -1.22    16.13     6.44        -1.63    16.56     6.23     0.636
   -0.33    -6.74    43.82        -0.15    -6.34    43.81     0.438
   16.83    -3.03    47.52        17.45    -3.73    47.55     0.946
   -3.67    -3.65    63.51        -3.42    -3.48    63.08     0.528
  -32.47   -10.20    -9.58       -32.87   -10.25    -7.49     2.130
   -3.71   -28.46   -22.95        -5.10   -26.30   -23.17     2.573
    1.07   -21.52   -14.99        -0.01   -19.66   -15.50     2.211
   -0.29    -8.32    52.48         0.51    -6.47    52.65     2.032
  -12.76   -27.89   -13.02       -13.11   -26.61   -13.59     1.442
   12.94    -6.58    53.67        12.73    -6.20    53.68     0.436
   21.50    19.98    18.55        22.72    21.18    19.14     1.810
    1.27   -11.61    20.44         1.32    -9.59    20.14     2.042
   26.82    -6.29   -25.04        26.85    -6.37   -25.17     0.147
   24.03   -13.00     1.59        23.31   -10.62     0.48     2.733
  -39.16   -22.87   -20.19       -38.92   -22.67   -20.27     0.322