15, pa3-C-Output.txt
  -11.41     7.28   -12.54       -11.47     7.46   -12.49     0.195
  -11.47     8.76   -34.10       -11.61     8.42   -34.00     0.384
   36.43    -2.67     3.82        36.52    -2.76     3.80     0.125
  -28.76     3.81   -16.15       -28.62     4.28   -14.00     2.203
  -32.99   -13.46    -9.68       -34.58   -13.54    -8.05     2.276
   22.45   -16.18   -14.62        22.34   -15.62   -14.58     0.572
   15.19    -2.82    55.55        16.04    -4.28    55.68     1.698
  -12.93     9.08    16.29       -11.75     9.32    16.46     1.225
   -3.12    -2.86    61.42        -4.02    -3.62    61.34     1.179
  -29.75     1.75   -15.36       -37.31     4.30    -8.51    10.517
   -5.19    -0.32    61.34        -5.59    -0.33    61.30     0.403
    3.40    15.45    -5.71         3.98    14.72    -5.04     1.147
   -6.73    -1.33   -42.38        -7.44    -1.75   -41.57     1.148
   13.02    26.72    -2.71        13.00    26.83    -2.73     0.115
   37.27     6.82   -12.14        37.50     6.89   -12.25     0.264