20, pa3-J-Output.txt
  -30.13    -0.34   -14.63       -29.90     0.94   -12.74     2.292
  -34.13     0.36   -37.24       -35.36     2.10   -38.64     2.547
    3.89    10.19    62.25         3.89    10.24    63.33     1.081
   -4.94    -3.05    31.94        -6.08    -3.73    32.21     1.353
   -8.66    15.72    35.02       -10.29    14.91    37.14     2.796
  -36.79   -25.92   -20.59       -36.51   -25.60   -20.67     0.433
   22.27   -13.06     4.28        21.37   -10.07     3.07     3.347
  -41.58    -6.13   -25.96       -48.12    -9.82   -19.49     9.907
    9.22    22.14    18.86         9.05    24.33    19.22     2.231
   26.85   -17.93    -6.86        27.86   -14.51   -20.09    13.699
   38.97    -5.08     8.94        36.30    -2.69     7.95     3.714
   -3.96   -25.54   -38.45         0.55   -23.16   -38.05     5.113
   36.69    -6.19     9.49        35.84    -6.21     6.99     2.639
  -13.77   -31.52   -15.86       -14.73   -29.31   -17.15     2.734
   -4.74   -21.23   -43.28        -6.58   -19.67   -41.65     2.908
  -26.71     3.60   -40.10       -27.35     4.76   -41.33     1.809
   19.50    16.35    39.73        20.48    17.21    39.85     1.307
   -8.18   -31.73   -19.01        -9.88   -28.49   -19.90     3.770
  -20.97     5.11   -40.66       -20.91     5.80   -41.40     1.013
   -1.40   -21.78   -40.31         0.55   -23.16   -38.05     3.289