20, pa3-G-Output.txt
   10.09   -19.20    -6.05        11.13   -16.68    -5.86     2.738
  -29.46     2.93   -37.68       -31.11     4.64   -39.65     3.089
  -27.21    -8.05    -9.63       -28.40    -4.71    -0.43     9.855
   -2.56     5.58    60.69        -2.57     5.64    63.35     2.658
    5.63    16.76    51.43         4.62    19.56    51.72     2.991
  -29.27     0.96   -40.79       -30.12     2.05   -42.27     2.020
  -17.13   -14.08   -49.86       -17.42   -13.99   -48.61     1.290
   26.89    10.84   -30.73        26.85    10.64   -29.92     0.832
   -2.79    -0.23    56.20        -5.54    -1.19    56.20     2.911
    2.63    -7.74    47.02         2.74    -6.89    47.07     0.862
   -3.37     4.07    58.62        -6.73     3.61    59.39     3.473
   29.34    19.17   -15.88        30.65    19.93   -16.04     1.525
   17.89     3.62    61.13        17.86     3.51    63.02     1.894
    2.91    15.09    54.99         1.89    18.41    55.27     3.477
   30.11    -9.89     9.07        29.56    -7.09     8.09     3.018
   -0.26   -13.41     9.76        -0.06   -11.32     9.47     2.117
  -38.60   -20.96   -32.95       -39.20   -21.30   -33.20     0.740
    4.29   -19.87   -24.94         1.50   -18.11   -23.64     3.544
   37.64    11.41    -6.46        37.57    11.37    -6.44     0.079
   14.92     3.44    61.08        14.95     3.33    63.01     1.939