15, pa3-E-Output.txt
  -31.10   -25.61   -10.66       -31.10   -25.62   -10.65     0.008
   20.13     5.23   -31.98        20.12     5.22   -31.95     0.043
   -9.66    17.77    11.92        -9.65    17.76    11.93     0.017
  -19.05    15.55    19.98       -19.05    15.56    19.98     0.006
    7.56    20.33    42.88         7.56    20.33    42.88     0.001
   29.79    -8.31    -8.90        29.79    -8.31    -8.91     0.012
   -2.06   -19.65   -30.02        -2.06   -19.66   -30.02     0.012
  -21.69    -7.37    -3.64       -21.69    -7.37    -3.64     0.001
  -21.69    -3.38    -8.11       -21.70    -3.37    -8.11     0.013
  -40.13   -20.17   -43.29       -40.14   -20.16   -43.30     0.020
   18.88    -5.16    24.56        18.88    -5.16    24.56     0.002
   30.47     5.69   -24.20        30.46     5.70   -24.20     0.009
   17.29    19.38    22.71        17.28    19.37    22.72     0.016
   -7.18   -18.76    -5.95        -7.18   -18.76    -5.95     0.000
  -10.38     0.54    26.29       -10.38     0.54    26.29     0.001