20, pa3-H-Output.txt
   -1.28    20.68    20.77        -0.92    23.92    19.96     3.353
  -27.02    -9.10    -6.22       -26.72    -9.27    -6.73     0.625
   22.12     9.11    41.80        23.72     9.24    42.10     1.634
   -4.19    -9.49    62.98        -1.63   -16.02    66.13     7.687
   -3.47    -2.53   -27.64        -2.11    -1.80   -28.53     1.782
  -45.82   -14.23   -25.35       -43.70   -13.66   -25.49     2.199
  -30.76   -31.34   -30.99       -30.31   -30.34   -30.79     1.110
   21.40   -13.40    -2.11        21.24   -13.11    -2.29     0.374
   20.51    20.89   -25.00        21.49    21.91   -26.12     1.807
   16.44    -9.13    43.11        15.23    -5.53    42.89     3.801
   15.11    -6.14   -22.44        15.12    -6.12   -22.33     0.110
  -40.43    -8.76   -12.06       -45.89    -7.15    -7.35     7.392
    5.96     7.25    63.91         5.90     7.28    63.25     0.658
  -23.02   -10.67   -49.46       -23.02   -10.68   -49.49     0.027
  -32.94     2.32   -12.74       -37.31     4.30    -8.51     6.398
   21.49     5.91    55.98        21.71     5.87    56.01     0.225
    8.12    24.01     9.82         7.74    25.37     9.89     1.416
  -41.92   -14.55   -14.12       -40.38   -14.27   -15.15     1.873
    5.37    19.85    -1.10         5.16    19.97    -1.22     0.274
  -36.69    -7.34   -43.74       -36.30    -7.50   -43.29     0.615